116

1111111111 11 11111111- 111111 5561111111,11111111 Ι1 11111 51
111 · 1551111111 155 11111111 155 nannenten 157
1111111111111111111111111111111 16, 5611111111111 F 561 11111111 lepis 517.

11111111111 151 linquere 555111111 555 Γ 556
111111 1661111111 555 11111111 555 11111111 111
11111111 555 liquidum. 1111111 551111111111 155 1111111 155. 516
11111111 ’ 151 1111, 111111 11 1111111111, 111111 111 1111111111 m
11111, 1111115651561 111 11111 11111111 155 manducones. 11111111.
1111111 551 111111 111111111 151 medem 11
1111111 151 1111111111 15511111111Χ 155 111111 66
lma 516 111,1111111111 6111111111 F 561 1111111 516

Ι 1111 1511111116.55.1·’511111111111111 5161111111 66

legere 5511111111111 11 1111111 11111111 11111111111 556
legere 1111111111 111 1111111, 111111 5161111111. 11 1111111111 111111111111 111
legionum 5 1111111 556. 511111111,111111,1111111ι111111111 556

lemine ·

1111111111
lenis
lenitudine ·

556 11111111 11 lmen 1111111111 11 puel·
lentitudine 151 longerie 151 111 151

1111111 ’5515111111 551 111. 1111111111 15611 561
1111111111 55111111 551 necllum 156 1111111111 111111 5511

11111111 151 11111111 111 11111111 66
1111,111111 - 11 [1111111111 11111 61 1111111111 15611111111111 11 111·

111111 5561111111111111 . 1611111111 566 gerite 115

11111 156 1111111111 556
1515111111

111111
libertatem 1111
libidinem

11111111

11111111

11111111

ligne-tue

ligurire

111111 515 111111111 156

1 nlilit- 151 11111111111111 115
11111111 1111111 ’11 1111111111 111-1111111 Ι556 ulie-mtu- 515

 

