661 119197.
666 96919.
696 96699.
66696.
166 966,,66.
16616. 66697.
116 61699.
191 91,11. 6916
moq- 96699.
166 119, 96.
169 199, 16.
111 uq- 119, 96.
uoq. 969, 69.
166 661, 66.
166 996, 99.
697 699, 91.
69616. 61,16.
66616. 661, 66. ¹
⁸6⁴⁸* 619, 9.
669 61616
666 966,11.
696 979,16.
116 tq. 119, 66. 611 911,6.671,16.
, uoq. 101, 15. Ι · 6³0 ma.
169 sq. 661969, 6611611. 196,96
161 sq. 969, 96. mmmm
166 699, 6., 666 696, 19.
167 sqq. 677,16. “meumst
166 Μ, 16. 616 961,11.
169 116, 96. 619 ιφ 66616.
16676. 691,6. 661 666, 91.
· 9111 916, 7. 666 696, 7.
961 666, 96.
916 sq. 11,11.
916 166, 6.
961 991,Ἇ
979 61616.
969 991. 66.
669 996,11.
611 916, 19.
616 966, 6.

m summa.
wo m, w.
που zos, 4.
m m. 1
m noa, απ.

-. nno-q.5fls‚mssz.fl.
w τοι, w.

' m m, m
767 967, m
Au. 111. Vm.
v· inq. 997, 96.
9η6161666619
99 119, 96. .
969 169, 97.
966 676, 66.
97916. 1691966116.
· 996169969666669.
166, 96.
666 966, 9.
666 η. 969, 96.
’691 917, 96
696 166, 99.
661 661, 99.
66616. 91916.
66716. 661, 16.
666 661, 9.
166 696, 99.
117 961, 97.
166 616, 96.
176 116, 69.
169 66,96.667,19.
166 66, 97.
666 66616.
667 η. 669, 6.
616116. 9611, 16.
616 sqq. 677,16.
611 sq· 691, 91.
· 611 119, 96.
661 691, 17.
isos ι.. zm, sn.
696 sq. 616, 96.
66116. 677, 1.
669 961, 9.
616 ιφ 661, 16.
697 16616
666 691, 9.
66661. 666, 96.

66 oq. 611,16.
66 961, 16.
69 η. 166,16.
66η. 697. 16.
76 69616.
66 616, 7.

· 96 666, 7.
91 119,16.
96 917, 9
166 66, 69.
169 oq. 69611.
116 916,17.

691, 16.
119 697, 9. ,
196 161, 19;

669 16, 96.

666 669, 96.

66111· 66610.

661 966. 61.
Aen. 116. vnn.

v· 9η. 119, 96.
1 16699.
16η. 679, 6.
11 96616.

716 1611669616.
766 oq. 6611.
769 666, 6.

696 169,19.
619 sq. 679,11.

mamm-mmm

usq. 611,61,
6716. 967, 66.
κω 111 ιὅω, 6

 

