11, 1, 9η. 40898.
mma
mmmm
wwm
wQa
amma
&uma
mzmmffl.
mmmm*
mamm
1111, a, ι 105, w.
mm
ιιωψιωπ.
ιωμηωπ
mmm
mwmw
&uma
mmm
ammamm
amau
&amn

’ Aucmnun.

109, 8. 17839. 97738.
978, 19. 988, 8. 889, 8.
878, 8. 808,88. 81738.
privigna 187, 8.
9111811 994, 91. 814,
18. 881, 97. 488, 14.
804, 91.

Quinto 88, 8. 977,18.
988488, 18. 481, 90.

489,89.807,18.880,98. ’

Setina 18, 17. 87, 19.
198, 10. 144, 8. 188,

,mmmmm

mmmmm
&mamm
mwmmw
mm
mmmmm&
mmmmm.
mmmmm&
mmmm&

448

18. 488, 98. 487, 19.
881, 17.

netum 197,19. 189,
8. 188, 8. [989, 143]

488, 18. 470, 88. 488, ·

,97. 481, 8. 81437. 890,
9. [888, m] 848,10.

Lemnii· 1438. 98839.
988, 98. 888, 18. 888,
18. 884, 7.

Leucadia 91, 98. 78, 98.
109, 81. 178, 4. 174, 8.

Ἱηωηηωμ

977, 8. 8913989931.
898, 4. 884, 11. 408, 98.
487, 98. 488, 18. 899,
,98. 884, 8.

Lindi· 8, 10. 188, 80.
919, 88. 888, 14. 848,
18. 889, 91. 887, 80..
888, 18. 489, 8.

mmmm
de Fato 8889, 8.

888, 18.
wanno

Panem· 189, 14. 188,
17. 188,8. 88838. 888,

³ mmmwwfflnmm m

-TanLqu v. mecm· 118. Ι. 878, 81.
ΤῙΤῙΝΙΠΒ (Titinnius codex 88711111. 481, 8.
W.) 918,8.991,18.804, 11. TULLIUS v. cmm.
· 90. 488, 88. 888, 98. ’1811918188990884938
11ιώ110 8, 90. 488, 7. Boethuntibtu 98,8. 178,
889, 98. 94. 88938. 8493. 498,

Pedio 48,7.88,91.988,
99. 808, 89. 478, 98.
478, 80. 488, 80. 487,
14. 800, 7.-99. 801, 8.
814, 18. 899, 8.

Philopntro 1,80. 99,18.

fulloni· (Fullonibu) 81,
14. 88, 94. 111, 10.
188, 98. 917, 98. 994,
98. 988,8. 948,81.808,
4. 888, 18. 88831408,
17. 470, 9. 488, 18.
Gemina 81, 19. 84, 88.
mmufflm
989, 91Ι 988, 14. 888,

98. 889,18.4883.18. ’

498, 7. 488, 18. 488,
14. 487, 8. 810, 8. 19.
lh rubra 478, 81.

l'rilin (Proelia) 71, 88.

90. 818, 4.
Canephm 88, 18. 118,
8. 889, 98. 481, 7.
Demetrio 19431318, 7.
978, 9. 899, 18. 887, 8.
889, 18. 88738. 40837.
494, 8. 497, 98. 488, 7.
488, 18. 481, 9. 487, 18.
»mmmmmm
18, 18. 998, 19. 988, 18.
819384883848138.

189, 8. 998, 88. 988, 8.
981, 98. 989, 18. 891,

ufflfflmmmm ,

91. 488, 18. 484, 98.
898, 81. 888, 7.
Thmyleone 88, 10. 148,
18. 918, 8. 918, 80. 804,
98. 891, 11. 888, 18.
477, 18. 481, 98. 488,
97. 894, 97. ’
[velitem 888, 993]

Epiolero 8431. 88,94. mmo 88, 4. 88,8. 11.

mamam
iawzfflaemssuz

fflffimwmffl
nmmfflmffl

 

