Ast

99 494, 9.
59 949, 44.
5, 99 495, 49.
99 499, 49.
4, 5 554, 49.
144, 9, 9 494, 49.
7 595, 49.
5, 4 594, 9.
9 957, 95.
54 949, 49.
4444, 4, 5⁵¹1· 959, 49.
9, 49 999, 99.
95 75, 49.
V, 9, 44 999, 49.
49 499, 99.
‘mommo
57 oq. 579, 49.
55 499, 99.
5, 5η. 594,55.
Eunucho

fflmwmm.
oomspmffl

4 594, 49.
9, 45 994, 9.
55 sq. 595, 99.
44, 4, 95 599, 95.
9, hq. 97999.
559, 9.
594, 47.
5, 95 495, 94.
59 955, 54.
99 oq. 59, 94.
97 979, 49.
99 994, 99.
444, 4, 7441. 599,9.
ssoqq. 549, 9.
995, 44.
95 594, 55.

57 557,49.

9, 95 594, 49.

5, 9 599, 97.

49 59, 97.
4444, 4.9 994, 99.
44 59999.

moox

5, 9 59, 59.
4, loq. 999, 45.
5 445, 95.
44 959, 4.
499, 49.
45 oq· 999, 49.
47 594, 45.
9, 49 495, 9.
7, 49 94, 9.
49 oq. 549, 99.
999, 4.
V, 4, 49 949, 45.
9, 9 499, 49.
5, 5 479, 45.
99 599, 99.
9, 99 oq. 559, 49.
49 440, 49.
59 949, 9.
57 55, 5.
Heautontimorumeno

. Ptol. 49 979, 59.

4, 4, 45341. 954, 97.
99 449, 94.
59 999 ι, 7.
49 544, 49.
49 oq. 499, 44.
79 999, 9.
94 oq. 954, 59.
99 575, 5.
95 oq. 994, 54.
9, 44 599, 55.

¹ 99 599, 99.

59 995, 44.

44, 4, 45 554, 59.

mamm.
&mmm

&offla
mmm
mmm
owmst
mm&
oomn
omn
mma

mmwwmo
49 oq. 94554
5, 54 95444.
ιηῃωψωω
8, u 48884.
ἣμπψιη
488, 44.
ιυαηω
fleeyn
Ptol. 44 495, 48.
Lamud
448 ow, 44.
Μᾱῶψωῶ
oowmffl
44 84494·
nomo ,
9, 59 99544

Phormione
Lhiffiffi
om*

 

