7077777

0.000,07.070,70.000, murus 0, 00. 0, ss).

0. 770, 70. 700, 00.
niun· 70, 70707000,
0. 07, 77. 00, 77. 707,
6. 707, 07 700, 00. 000,
0. [000,031770, 7. 770,
mmm
Medo 0,·00. 70, 07. 77,
00. 77, 00. 70, 7. 770,
70. 770, 0. 770, 70.
(707, 00.) 070, 7. 007,
00. 707, 07. 000, 77.
Niptra 70, 07. 00, 00.
77, 00. [000, 07] 070,
07. 070, 0.
mulo 700, 0. 007, 07.
mm

Periboea 7,00. 0,0. 70,

mumma&
ηΛηπωιη
ιηωωωωμ.
αηηωιω
mwwfflmmw
{mwmamm‚
wumffimum
mmssmfflmffi
uwwnssmm
mm

o Seudm comoedi· 7007,

70.
[Tantalo 00, 07]
Tuum 7707. 777,00.
707, 70. 700, 00. 707,
0. 700, 0. 700, 70. 700,
xnmssmmom
07. 00. 707, 00. 777, 0.
700, 70. 000, 00.
7ηςοει77ι77μεῑίε 7007,
0.
mmms' r 36⁴, ιθ.
, 770777οΝ7710 mum
F 000, 77. 000, 0. 00.
007, 7000.
Heron v. nnus.

mmmmm,
ιῃωωηωω,
{Mstmrmm
amm
Ammmffl.
Aenrintione 707, 0. (cf.
mmmmstm
Afflmumww

mmmm
mmmm
mmmm ,
mmm& ,
amum&
amma
mwspmffl.
atam
wmffl.

wfflmwmufftmw

00. 000, 0. 000, 70. 007,
0. 000, 00. 007, 00. 700,
00. ι707, 0. 070. 0. 70.
Prologo ,

.ιαηα“’

07 00, 0.
00 707, 07.
700 007, 0.
777 007, 07.
700 00, 0. 77, 07.
7, 7, 0 070, 0.
00 007, 07.
07 70. 77.
00 000, 07.
00 700, 0.

’ 77 007. 70.“
07 sq. 700. 77.
mmmm
00 700, 00.
07 000, 77.
00 700, 00.
07 007, 07.
707 700. 0.·

000, 70.

700 000, 00.

700 007, 70.
000, 70.

707 007, ,70.
770 007, 0.
707 770, 07.
707 M, 0.
700 000, 70.
007 777, 0.
000 777, 0.

00 700, 00.
70 000, 00.
00 007, 07.
70 77, 70.
07 770, 77.
, 77 770. 9.
000, 70.
770, 77.
77 770, 0.
76 707, 0.
70 07, 00.
’70 77, 70
¹ 07 000, 77.
00 70, 7.
’070, 0
707 sq. 77, 00.
777 007, 00.
707 70, 70.
000771. 000, 00.
070 0, 0.
077 070, 0.
070 700, 00.
000 00, 00.
777, 0, 0 700, 70.
70 770. 70.
00 sqq. 700, 70.
00 007, 70.
0, 00 nq- 00, 00.
7777, 0, 70 70, 70.
suppoi. 0 tq. 070, 0.
[0, 00 sq. 000, 777]
0·,07 770, 00.
07. 70 sq. 007, 70.
700. 70.

 

