101, 10. 55. 109, 90.
91010. 990, 9. 9000.
m, 55. 551, 51. 170,
0. 101, 90. 1000107,
0 0100 017, 90. 010,
97.

[000000 009, m]
0011100 995, Ι91.
0111000000 00000110

0 009, 59.
000100110010010 01 Pullis

0. mnus.
Quarigeninis 105, 91.

· [santonibus 910, w]

[010000 190, 163]

1 NIGIDIUS 50, 500090.

1

05, 91. 1000. 111, 10.
con-ento grinmtiees
91, 91. 10, 91.

nt. t'IIII. 197, 10.
lit. x. 157, 90.

nt. xl. 570, 5.
1110110111. 10111.
001100. 110011.
ut. XX· 101, 50.
11101111. 111, 10.
&mmm
111. I. 117,“ 90.

[numus 0110000000 10 001-

010110, qm 100001000100 0
doctrinis 10 000001100οἀ0

101, 11.]

1100100 100, 99. 10010.

91051. 990, 90. 10090.
Agricola 01,91. 10090.
000, 90.

Aninio 1700.
9010100 (terdone 00, 51.
11000οΙ0 007, 0.
000000 (11000010) 57, 99.

100,10. 1701157051. 110111 000οι0000 «Ie Pontin-

maumam&
1101010 000, 90.
[Eurysace 100, w]

. 1001011011

tutto 50, 97. 00, 10.
110919109001091.

01100100 110, 59.

0011001100 9905950111.

Fano-itu· 10010110 01,99.

0011100010 9, 10. 1, 0.
519, 0.

Geminis 01010.

11010000 1100, 51.

1100010 900,Ι 9. ⁹

110000 00010 1, 0. 91095.
550,19.110,1.010,11.

000010100000) 190,
90. 171, 0.

110010 1001100 101, 91.
991. 9.

Militibus Pometinemibus
90,11.919,50.991,97.

Hortis et 01100 1011010
170, 0.

optione 110, 90.

[000000 11110171]

00000 praeterito 1, 90.

00000 11010.

[00010 010, 01]

00110 5100010015.
000, 10. 1150, 90. 010,
11. 95. 010, 90.

00000000 posteriore 910,
90.

Quaestione 171, 15.

[0000100110 910, w]

’1000110010 910, 90.

000001109101001739.

0100001010011000 111011.
17090.

Virgine pmgnunte 000,
90. 010, 90.

5000 101, 91100, 90.
0101.

cautus 0001, 90.

mmmmam
nwfflww.

00.

107, 55. 901, 50177, ’
10. I* 001, 17.

1011000 01, 50. 75,.15.
150, 99. [170, 101] 991,
0. 950, 15. 117, 1010.

Annum 1011010 0019,
191, 9. 190, 99. 910, 0.
901, 19.10.110,9.175,
11. 1711, 17. 007, 91.

11010010 [0090] 0011.
10090. 11017. 1110,
55. 101, 55. 990, 59.
9117, 55. 9000. 59017.
500 97. 570, 0. 509, 0.
190, 0. 100, 90. 101, ·
51. 100, 1. 100, 11.
1009011001. 01097.
0οηοο 50, 51. 71, 9.
[70 111] 00, 950101,
90. 197, 1. 1105οι 111,
10. 100 10. 91001111,

55.107,10.100,0.171, .
- 55. 101, 11. 100, 11.

1107, 90. 1100, 90.
1101000010 7, 0. 15, 90.
9019. 5051100111]
III, 7. 1111, 10. 195,
50. 19011. 157, 0. 110,

’00000

101, 99. 101, 11. 957,
11. 900, 10. 909, 51. -

909, 91. 507, 10. 519,
5. 515, 10. [510 7.·1] ,
509, 10. 500, 17. 191, '
0.177,90.170,15. 100,
10. 101, 91. 107, 10.
0009. 010, 90. 1199, 7.

[00010000μὶοο lib. 11.
191, m]

1100101000 9017. 7059.
75, 19. 77, 55. 07, 90.
00, 10. 0019. 55. 115,
59. 110, 11. 159, 90.

170,10.000.00.000, “

 

