404 uq- 404, 8.
444 488, 44.
444 tq. 484, 48. .
448 887, 7.
488 sq. 400, 4.
48881. 408, 44.
488 4, 44
488 848, 7.
480 tq. 404 48.
478 448, 84.
488 848, 88.
48801. 484, 88.
484 sq· 888, 48.
408 nq. 848, 48.
448 880, 8.
488 844, 8.
444 888, 47.
448 480,4.478,48.
488 sq. 444, 8.
ψψυῌ.
488 888, 48.
484 oq. 444, 44.
404 404, 88. ,
844 848, 47.
848 447, 48.
844 sqq. 888, 44.
884, 48.
844, 40.
880- 888. 48.
887 oq. 444, 44.
877, 0.
844 408, 88.
847 oq. 888, 80.
888 440, 7.
88814. 884, 47.
887 488, 48.

’ 4804044844.

488 sq. 844, ’7.
444 tq. 488, 8.
488 408, 8.
478 488, 80.
488141. 874, 80.
48718. 884, 48.

488, 8.
488 sq. 448, 44.
808 tq. 840, 48.
808 448, 40.
808 878, 48.
840 880, 4.
848 884. 44.
888 888, 40.

· 880 aq. 848, 47.

884418. 404, 8.

878 sq. 488, 44.

887 448. 44.
448, 48.

. 808 474, 47.

800 sq. 804, 8.
844 888, 44.
844 8, 48.
848 880, 44.
888, 44.
847 8, 48.
844 844, 48.
888 888, 48.
878 448, 44.
888 488, 47.
708 tq. 888, 44.
700 488, 48.
788 447, 44.
84018. 888, 8.
848 sq. 887, 8.

Aen. lib. Χ.

878 tq. 480, 44. v. 47 808, 44.

mm
mmm
numa
mqma
ma
⁴wma
mmmm

fflwmmw

78 484, 48.
78 480, 44.
407 404, 0.
444 880, 88.
448 sq· 408, 8.
440 487, 48.

ωηωη
wo we, π.
mmm
ηοηιπᾼι
⁹1} nzu‚nn.
mmm
mm&
mmmmm
mssmmffl
487 sq. 480, 8.
mmm
mmmm
zummmn
mn
mmm
mmm
mm&
mm&
ὅππη
ΜΜΛ,
mmmm
48481. 484, 40.
mma
mm&
mm&
mm&
fflnqq. 448, 48.

, mk
wwmst
mmm.
888 oq. 444, 4.
887 tq. 484, 40.
02⁴ η. aaa, a]
mmspmzm
mam
mspffim ¹
mffmm
mmm

‚mmm

vnvq.³³⁷‚a.m‚u.
mm
mmm
mwmw
mmm

 

