¹ wewam.

mmmffimm
mmmflmm‚
mmmmmm
&mmmmm
mmmmm&

Prometheo libero 07, 01,
00, 1. 71, 00. 101, 50.
100, 00. 170, 5. 0.100,
00. 017, 05. 570, 0. 117,
15. 100, 10. 107, 05.
050, 00. 510, 11. 555, 01. 110,

mfflmfflmmmfflnmmmfflnm,
ἄναγνῶσευς 100,5.170,10. 10. 010, 5. 011, 17.

Quinquatribts 00,10. 71, Tanaquile 100, 00.

10. 00,1. 00, 05. 110, Testamenta, περὶδιαθῆιηςωι-
0. 100,00. 00010001, αθηκῶν) 77, 07. 100,11.
11. 000,·10. 511, 15. 170, 10. “

s 557, 0. 571, 05. Tithono, περὶ γήρως 105,7.

Sardis vmlibus 100, 55. 100, 01. 105, 7. 100,

3 Βοὶιπιιο1ἰι,περ“ιτύφου 10, 00. 515, 5. 155, 01.

10.151,00.000,0.100, To· 3112 τῇ φακῇ μύρον, περὶ
17. εὗτηρίας 71,50. 100, 07.
Sm μικρὴ 101, 00. 010, 0.

Seu-nno. περὶ ἇρχσιρισιῶν. 10, Τοῦ πατρὸς τό παιδίον, περὶ
10.71,15.157,5.101, παιδοποιΐας 0,10.77,01.
ν 00.105,10.000,51.000, 101, 10. 511, 5.

00. 551, 10. 100, 01, Trihodite trifolio, περὶ ἆρπῆς
177. 05. ubam: 1, 11.· 100, 50.

¹ Sesqueulixe 00,10. 51,50. 100,10.000,0.110,1.

10, 0. 10, 5010, 0. 05, ΤήριΙΙο, περὶ ἆῤῥυδτητος
00. 00, 17. 00, 50. 151, 151, 00.

11. 170, 0. 00011010, Vae victis v. Devietin.

50. 017,05. 010, 10. 070, Vimnreo v. maneo.

0. 000, 50. 501,00. 511, vimulum, περὶ ἆφροδισίαη
0. 507,17. 00. 500, 00. 0, 0.

101, 10. 100, 00101, virgul· divin· 7, 10. 17,
00100, 0. 010, 01. 050, 11. 005,51. 001,00.550,
: mmm mmsswmm
j flengni 10, 0. 00,01. 00, 000, 0. 057, 11. 050, 07.
00. 01. 100, 0. 10010. 000, 10.

110, 01 100, 05. 107, 7. mmo memus 101,00.
10.107,10.000, 00010, 0111011100 (Vergilius eo·
07.011,15.010,11.000, dex 1. ubique. noster n·-

00. 005, 10. 500,00. 500, ιο 0, 15. utet Mutunus
{mfflnfflfflm.mfflmmmf

00. 151,17.100, 5100, Anni-idos
00. 005, 10.. lib. 1.

Synepheho v· Epheho. ν.1 50011.
Tute menippu 07.00.10, 10 551, 0.

10 100, 5.

11 001, 0.

10 511, 05.

00 sqq. 500,10. 510,
· 51. 500, 10.

00 500,10.

00 sq. 100, 17.507,55.

50 500,10.

11 150, 00.

10 001,10.

01 010, 55. 510, 0.

00 110, 0.

01 500, 0.

00 100,10.

00 500, 50. 100, 0.

05 510, 0 500, 10.

00 100,50.110,15.

71 sq. 001,10.

77 00017.

70 070, 00.

01 sq. 500, 0.

00 510, 7.

00 511, 0. “

00 sq. 501, 0.

00 50010.

110 005, 5. 100, 00.

11010. 115, 00.

150 007, 1.

157 510, 55.

150111. 50010. ’

110 55010.

110 050,11. 01055.

“ 101 511, 5.

fflwwwmffi'
amm
Μηωωι,
ωψωΛ.
mwmst.
100 sq. 510, 00.
100 011,15.
100 570, 0.
ωηπωι
000 sq. 510, 11.
001 sq. 0001011051.

Μ

 

