” , 8811,88.

1111181

· 11 η. 111,11.
81 107,11. ι
111, Ι, 1 88811.
. ’18 181,18.
- 11 111, 11.·
88η. 188, 7.
10 888, 811.
1, 1 188,11.
1, 88 118, 88.
8,18 sqq. 881,11.
1111, 1, 88 887, 8.
88 118, 18.

110

1111111ιή1
1,1, inq. 1811.
· 188,18.
11 81,18.
Ι11 108, 1.
80 70, 80.
1,17 1111118881, ·

“ 8, 80 881,18.

80 101, 10.

07’ 108,18.
8111011111 117,88· 180, 8.
1111111111 v. 1111111.

Pom 1, 8, 8 118,81.
·· 11 10, 1.
11 118,18.
11, 1, 1 . 10, 0
· 8, 8 810,18.
8,’1 188,11.
7 178,18.
111,1,18 811,11.
10 sq. 177,11.

80 188,10.

1,1, 10 178,11.

181 81,· 80.

Pseudulo

1,1, ³⁸¹1· 801,10.

0 18818.
808,18.-

80 111, 80.’
88 181181·
1, 8 10,11.
11 117,10.

· 80 sq. 801, 81.
⁴ 800, 17.
8,11 sq. 118, 10.

88 881,18. .
118 110, 18.

’ 8,188 11,10.
11,[1, 11 1888, 101]
8, 8 81,18.
1,111 880,11.
81 881, 0. 10.
7111. 881, 10.

1111116.

. 11 ιο, ι1.
111,Ι 1.

· ιο ιι, 1.
1111, 1, 11 1ιο, 11.
11 11. 1ο. ·
1191111.

· 111, 1ο.

θ, 7 181110.
Planina 118, 0.
Poenulo ·

11111111. 11,11. “
, [61 Fam). 101]
88111. 89118. 111, 1, 1 9117.

88 101, 11. 1, 78 81, 17.
1,1, 11 100,18. 1111, 7, 8 88810.
’1,1811. 810, 80. 8,1,8 181, 80.
Rudente 118, 8.

1, 1, 78 810,18.

8, 6181111111.

18 118, 8.
11, 8,18 881,18.

818111. 108,1.

111 810, 88.
- 111 101,10.
181 100,18.
181 187,10.
11, 1, 1 11818.

m, 1 181818.
“ 18 181,18.
1,11 118, 7.

ΗΠ, 1, 8 888, 10.

8, 1 111, 18.
aq. 188, 17.
81 88811.
88 118, 8.
1,171ς. 807, 1.
8,11ν 10, 80.
1,1,17 181,10.
1, [1 sq. 1116, mel
18 111, 88.
Scantia· 881, 8.
such·
1,1, 18 81817.

’11 110, 1.
8188 8888, 171]
87 800, 18.
118111. m. 8.
11,1, 11η. 181,11.

[11 ruoz, 111]
1811111888, 18.
18 11, 80.
111,1,18 188,11.
V, 1, 10 811, 111
. 11 111111.
8,18 8,17.
'metio 181, 18.
’1111111111
1111111 107, 8.
1,1, 118111. 81818.
188 η. 881, 10. ¹
81, 18. ζ
180 811, 8.
11,1,1οη., 81,18.
181, 18
1111. 11,18.
1, 1 871, 18.
- 81 111,18.
01 118, 81.
1, 8 11011.
88 801, 11.
181 nqq. 11810.

 

