9644666644. 461

414411 4141. 44 11441. 1141414 1441. 44 4441. apiaei 66. 7414141641 616
164 4111414 66 11141111 946
444411 947 amolimini 76 appellate 966 11411144 70
14441 bona 94111144 cupido 491 appendix 4911411 67
4141114141 1 nnpiiiiapae 640111441144 74 11114144· 79
14414414 79 11414444 606 41144114 76 144114 66
4441111111 76 amplexa 470 4441441441 469 astipulari 06
441141 44 1444444166 11114441 614 41411. aptare 964 atque 666
14414414 46 41411141 6 apud 66. 699 14141444 76
46144111 9461114 intercus 67 14141 76
aflei 441144 646 41141144 666 11141411 67 141111 949
agene 949. 946. 946111444 6644114411 , 0616411414 74. 966
agilia 6611444441411, 74 111144 44 1111411 469 14444114 744
111414141111 44 4444111 77 116441444114 476 4441411414 946
Agrippae 666 414114414441141441111 arbitrari 44 4414411 41414441 , 646
1414 169 “ 616 numinianum
ninia-ini 6611414141414411444414414114440 F 44445
4414411441 460 41411114 467Κ
466 11411114 6911441441,41411 949
11414414 · 76411141 11114. 44 4414114111 6641144444, 114414. 41-

14644141 76 161 architectari 76 1141441 464. 449
albuna “ 947 angustiantem 76 1144 7711414441 666
11414 446 414141 969 4961141144141111 4944144411Ιὶ 466
11411 44 4114411 499 1141414 466 4111414, 1114411 946 1144411141111444414444
aiga 7911414114. 11411411114111 7414111111 44
niiqnaniiapna 644 969 411144 467 1141111411474. 9660
1444114444 414 476 1114414411 447 argutari, argutiae. 11· 4144114 499
alternatim 76 1141114 14 414144 496 gutna 96694611346414 76
144444 79 annua 44 41141 69641444144 9 6661144114 466
144114 967 1114414 666 41414141 946 angariam 499
1414444114 199. 9666 antae, 11441 · 6011441441 74 411111 460
41144414 9 666 4144611114 666 41414141 44 1114141441 1111464444· 76
11114111 γ 949 antia-eninm 660 460 11411111 449
14114 4441. 44 11414. anticipare 70 armillum 74. 647 1144 646

4964144414 44 4144114111111314 666 1141144Δ . 667
141114 44 4644414494 496 4111144 496 11411441· 9 667
ananan 941. 464 antiquari 7611111411 11141414 661111 946
4141441 7 antiquitas 464 411114 494111444411 76
4141411 44114111 446 41614114 9666116144 ’ 666 4114114414 946

41141414111114614111414411 467114144411411 461 auspicavi 466 -

naabipana 94611141 “ 464 aava 1411144 469 4111414114 4411111411 ·

Ι 4416414 . 94911144141 79 411414141141419666 499
1144444441 646 aperibo 606 1114114444 66 111441 66
11414414 λ6447 aperire, aperiant 966 1411444 466 411411 ἱ 66

164

 

