188 181, 6.
,71 585,11.
[71 181, 65]
77 ,66, 56.
161 571, 1.
numia m, a.
6 516, 8.
51 51, 18.
55 185, 56.
115. 111 7 175,11.
11511111 1 566,18.
linx 1 7 16117.
11551111 16855.
lmus 9 599, 15.
18 186, 55.
15 181, 15.
1155111111 556, 5.
15 518,18.
1151111111 511,18
1111191191
157 116,15.
pro Plancio
1 1 118,15.
86 165, 11.
de Provinciis annularibus
118 166, 56.
18 166, 51.
pro 6ι511101μτᾶ. reo)

. 115 51,51- 56815.

pro Sexto 119159

1 16 181, 6.
151 16817.

in venen

Divinatione
1 5 566, 55. 565,1.

1 167,16.

8 518,11.

15 168,15.

17 18815. ·

56 186,17.

51 58615.

55 116, 51.178,5.
18 161, 5.

17 157,11.

1

111615

151 111, 1.
61 181, 16.
86 165,16.
78 55,17.

Aetione prin·

1 1 176, 55.
6 176,16.
11 556,16.
18 5516.
15 166, 55.

Aetione secund·

115. 1.

1 5 178,17.

7 11811.
565, 51.

15 181,11.’

17 557,15.

17 166, 5.
11618.

61 511, 8.
115,16. ,

85 551, ’55. .

111, 11.

65 175, 11. 156,

u. 111, 52
69 5⁷4, 11.
97 5²⁷, 91.
m, ιι.
oo m, 10.
91 5³0, 1⁰.
⁰³ m, ιε.

115 166,11.
’ 15811.
116 171,18.
118 161,16.

156 168, 5.
116 151, 51.

158,16.
156 51, 5.

115. 11 1ο Pmtm siei-

limi.

1 18 585, 6.
16 17515.
55 558,11.

181 116, 1.
85 565, 7.
87 161, 15.
85 16518.
161 111, 5.
115 165, 7.
181 571,18.
115. 111 Patent-rin.

· 1 9 991, 55.

55 516,18.
66 111, 15.
61 518, 15.
85 575, 6.
65 168,17.
115 16816.
185 166, 1.
115. 1111 de Signis.
1 1 115,17.
5 111, 1.
7 15511.
11 575,11.
11 517,18.
16 178,11.
515, 5.
55 51, 11.
167, 51.
51 56816.
81 188, 18. 1.
, 65 581, 5.
81 558,11.
’ 85 561,18.
[76.1]111, 18.
66 51, 18.
’91 111, w.
165 575, 55.
111 186, 1.
158 151, 7.
115. V de Suppliciis.
1 11 576, 51.
17 111,18. 111,
56. 556,11.
111, 11.
56 156, 18. 157,
51. 511, 51.

 

