, 1111111111, 111

‘ 4114111 874 4141411114· 98 pervenient 808441414111111 448
411111 884 41841 1111. 11 411114111411141114111411-44111111 88
4111114411 849 990 141 489 4411114111 489
41111811 48 41411 11 41111411 489 4111411 487 4111111441 840
41114114111141 488 414411 8411184111 48741111111411· 488
411111141111 90 414111 888 41111141111 88 441141 11 44111 990
41114111 479. 478 pelei· 84 411111 888 411111 498
411111, 4111411141 11 penetrare 8744114411 480 41111141 488
411141 ν 947 41141141111111 448 41144111 448 411111111111 488
4111111411 878 4111111 88 41141411 480 411141 11 41111 498
411111411 484 4111111 448. 887 4111411141 98. 4894111411411111 478
41111111114111 448 4111411411 448 44141111 48 4111411441111 489
4111111870(444).4144 4111184. 948. 8888 44111111 884 poenitum 488
pum 44 4141114, 414144 440[44144411111 8] 4144141111 88
pengia 4140 4111841111 488 44111 484. 870 414411141 488
puell· 1145 4111118111 484 4411. 44111 44111411 pollicere 474
4114814111, 888411118111 489 1194111111 848 pollinctum 487.
411111... ..14111411111 1111 411.. . 111 1111
411 m percont· 474 9411111111 848. 898 4141811111 844
petitor 476 4111111114 44 441- 484 polypus 411. 990
411141 487 potentianae- 484 44411 498 41111 84
petritum 4414411441 fen. 11 1111414411111141 44441141141111111 488
4111111411 887 , 948 4441111 48841141411111111 488
41114 411 411141 8411411411 480 444111, 444111, 44414- 41141 nine 11441411-
paucies 4414 4114114111 11 4114144. ei.
[paulisper 844] mio 948 444111
41111
4414444444 {M 4148184114 884 Pilumnus
411411411 494 411411 11 41111411 499 4411411 488 41411111.4141411’1188
papatu 45, m 4114411 498 441411 111 948 4141411 474
41141111111 489 pernities 488 441111 480
4114118111 489 permittere 484 4411111
41111 4884111414 488 444111 488. 480 411111 84. 489
4111881411 488 4111414111 11 114114111 444141, 489 411111 84. 488
411 878 444 441111 488 4111441 . 480
,41144411 488411141411 488. 9484411114 488 41111111878480488
41111 11411141 4884111141 888 44111141 11 4411111141114 484
4111111111 1³¹ 888 perpendiculi 489 947 4118111111 484
4111411 480 41141111 480 441111111111 484 4111411111 94
41111411111. 49 414111811ιὶ1 480 44184411 11 441844114111114111 87
41111, 4111411 488 411441114411 484 994411114111 884
· 414111 84 4114411411 848411. y 874 4111111 ’ 874
414111 11111111 484 4111441111 848. 848 49411 888. 877. 887 4111111141 480
4141111148· 98. 4114411141 489 441111141 4 41111111 ’ 808

 

