119

‘ ειιυιιιιιι QUADRIGARIUS

999, 10171, 90.
Annalibus (Rerum Roma
ιιιιιιιιιι) 99, 9. 90, 17.
919, 17. 190, 11.
1191. 999, 9. 909 17.
119. 11. 191, 55. 599, 9.
, 911, 10. 917, 91
119111 97, 55. 179, 99.
909, 50. 919, 11.
1191111. 79,11.119,9.
1191117917.
119. 91. 997, 91. 911, 99.
1511111951.
1199111 177, 9.
119. 1111. 959, 99
119.1191.199,11.199,.5
1599131919.
1119111199” ιιι Satyra·
999910.
99119199 annuus
, ιιι Astyanactis tragoedia
199919
in 119ι1ι 110991191Ιί99
F 990 51.
91919991. munus.
9199991199
in Catilina (Catili mne beno)
¹ 1,1 5711550911
9, 9 591, 19.
9 119, 99.
9 509, 97
5,1 599, 99.
1, 9 919,19.
9, 1 591, 99.
9 155, 19
1 159, 91.
9, 1 919, 50.
7, 1 19919.
9 115, 9.
9 11919.
. 9, 9 599, 50.
9, 9 59917.
10, 9 199, 5.

· 90, 9 595, 99. “
91910 590, 90.
99 991, 19.

51 990, 91.
55 599, 5.

1119911

11, 5 991, 19. 90, 1 19991.
11, 7 155, 90. [95, 5 199, flos]
19, 9 9919911975.. 99, 1 191, 9.
95,1 510, 951115. 99, 9 90951.

50, 5 19119.
55, 9 590, 91.
99, 15 517, 59.
99, 9 19919.

5 991, 11.

99, 1 999, 59. ι
599, 55.

'mssama

109, 5 199, 91.
107,1 199, 99.

mwummm.ummw‚ffl.mmo

119, 99.
19 595, 59.

99, 9 199, 51.

90, 9 991, 50

ιιι Iugurtha (Iugurthae bello,
Iugurthino bello)

1, 5 519, 7.
9,1 99, 5.
9,1 107, 99.
10,1 110, 9.

15, 5 . 999, 19.

1 99919.

11, 11 11, 59.
19, 9 509, 0.
19, 1 599, 9.
99, 10 199, 99.
51,19 501, 19.
19, 1 591999.
. 7 995,15.
999, 97

19, 1 997, 90.
595, 55

amu
ωΰΜΛ
m‚amm
ωαωψ
wlfflm
stimma&

⁴mffl

119 ,99.11109, 99. 991 10.
119. 1. 5999. 99,9. 110.
9990919. 999, 1. 951.
17.991,17.979,19.999
90.999,19.510,19.199
59. 195, 5.9. 999, 11.
950, 50.

11911. 95, 9. 101, 15.

’ 197, 97. 179, 11. 177.
, 99.190,91.909,9.915.

zmmmmm.
ssffimmmffla
'amssmmm
mmmmm
15³⁴, ω. 35915311).
ιωωΛμηωμᾶ
mmmmm&
mmmmmss
amm. 5³8, ιι. ιοιι.
lmmstmam.
mfflfflmmffl
.mmfflmfflffi
lmmfflumffl
{mmmmmffi
mfflmwmn
umfflstmffi
mmfflmwm.
mmm
' nb.v. 138,9.156,ι1
mm
mum&
91111111 de verborum nli-
wfflmffl
mmnma

 

