446 474, 64.
464 467, 44.
466 466, 46.
ωψωη
446 464, 7.
466 446, 47.
467 466, 46.
466 466, 64. .
mffmffl
466 666, 46. Ι
467 446, 47.-ι
646 sq. 466, 66.
646 466, 4.
646 466, 66.
646 446, 46.
666 666, 64.
66714. 664, 46.
664 664, 46.

mmmmm&

mmmn
mmm&
mfffflss

mmmmm

numm
fflmm
vwmffi
mma
mmmm
mwmu
mma
mmm
646 46644
mmm

Aen. lib. vl.

mmmm
46 664, 6.

46 646, 6.
60 446, 44.
66ης. 666, 4.
44 660, 4.
66 sqq. 476, 60.
70 446, 46.
flamm
6461- 464, 47.

4110406644.

’ 66467, 6.

mmm
mm&
{Qffimma
mmffl

· 446 646, 44.

mma
mmm
mwmfflmm
477 sq. 466, 44.
mwmm
mmmmm

’ 404 446, 44.
“ 446441. 476, 47.

446 440, 46.
446 646, 4.
446 464, 46.

’466 446, 44.
’ 466 nqq. 44, 44.

476 sq. 646, 64.
476 646, 46. 444, 6.
464 666, 46.
464ις.446,47.466,46.
466 666, 46.
606 467, 6.
644 440, 60·
646 44, 64.
664 666, 46.
666 640, 46.
664 446, 64.
676 446, 46. 670, 6.
466, 6.
664 sq. 676, 44.
666 666, 64. ,
406 466, 46.
444 κῃ. 404, 47.
447, 46.
444 407, 46.

,444 666, 6.

440 447, 46
446 466, 44.
466 604, 44.
476 660, 47.
464 667, 46.

m m, m.
mfflmmw
mma
mmff
mm&

667 464,47.404, 46. .

666 464, 46. 670, 4.
676 444, 44.

677 sq. 446, 46.
667 η. 464, 46.
666 446, 4.

666 sq. 664, 44.
604 sq. 404, 40.
646 460, 6.

664 467, 6. 440, 6.
664 674, 64. ,
676 sq. 407, 46.
667 446, 64. “
666 466, 46.

¹ 744 444, 44.

mm&
746 sq. 446, 46.
764 tq. 666, 4. ·
766 6664444644.
646 sq. 646,4. .
666 676, 46.

647 464, 46.

664 676, 47.

674 664, 64. ,
677 tq. 444, 46.
664 oq. 646, 40.

Aen. lib. vn.
v. 46 646, 40.

47 tq. 666, 44. .
46 447, 46.
66466066646646.
64 667, 44.
-66 646, 47. ,
74 66,46.447,66,
440, 7.
406 sq, 64, 46. ’
14761. 467, 6.
464 646, 6. ·
476 matam.

 

