188

788 878, 81.
770 tq. 818, 18.
781 sq. 881, 87.
. 78818. 108, 88.
811 880, 8.

au sq. amasam.

888 888, 18.
878 180, 18.

301819840οῶ1

888 888, 18..

881 81, 8. 800, 88.

, 888 888, 18.

.
188, 88.
.

Aen. 118. XI.
v. 81 sqq. 181, 88.
460, ³19
88 818, 7.
81 888,18.
81 888, 8.
88 sq. 888, 80.
88 888, 88.
888, 18.
811 sq. 880, 8.
818 888, 87.
887 808,11.
888 818, 80.
887 808,,18.
888 ις.» 888, 10.
808 sq. 801, 11.
880 sq. 880, 80.
1 888 oq. 878, 8.
881 tq. 880,18.
888111. 811, 10.
818 187,17.
888 888, 80.
ι m tq. 808, 88.
181 118,17.
188 sq. 880, 88.
181 187,18. ¹
181 878,18.
188 818, 8.
81818. 810,18.
888, 88888.
811 187,18.

mx

81818. 888, 87.
888 888, 8.

818 800, 81.

000 178, 8.

888 881,8.888,18.
080 tq. 878, 88.
708 sq· 808,18.

, m ιω. 18.

m ιω, 11.
m zan, n.

wo που. 10.
πει, mm. · ·
mamm

118 88, 88.
180 811,88.
188 88888.
188 81811.
181 aq. 87881.
188 αφ, 101, 18.
787 877, 7.
788 tq. 8815·
ἃει w, a.
811 18811.
878111. 887, 8.
888 nq- 101, ¹⁶·
811 sq. 18118

788 sq. 880, 1. Bucolicis

808 sq. 18811.
818 sq. 887,11.
888 tq. 888, 81.

Aen. ΙΙΙ). Xll.
v. 8 tq. 888, 81.

8 188, 18.
0 88, 80.
18 108,,11.
17 880,’88.
18 871,18.
88 tq. 1888. 810,
87. 88881.
88 tq. 888, 88.
88 oq. 880, 18. ¹
71 810,18.
78 tq. 887, 88.
88 871, 10.
88 80818.
185 η. m, m.
880,.88.88.
88718. 887,18.
888 817, 81.

v. 1 8888-

18 sq. 877, 80Δ
18 88818.
18 881, 80.
18 878, 88.
88 800, ⁷·
18 880, 8.
18 500³ 80·
80 818, 88.
81 188, 8·
un ⁹19, ⁴·
71 81818.
81 81]. 8181 11886810

v.. 18 888, 85· 1

1⁰ m, 11.

50 w, 18. 1
M 18118·

m.
·v. ’1 880, 18.

1988588893. , o 19891818.

88818. 818, 81.
880 tq. 101, 88.
871 107,11.

878 110,80.188,8. .

877 ιφ 8881.
888 878, 81.
107 oq. 881, 88.

16 810, 18

 

