x 100

’ 507 00, 00.
00 105, 00. ,
,’ aa 111, 11.
01 557,10. =
‚9⁷ 0510000, 7.
00 550, 07.
105 100, 05.
100 05, 0.
ue 111, 1111111.
101 151, 5.171,10.
550, 00.
Libri 51111 muli.
11 lege Agmin 150, 00.
11 Clodium 11 Curionem
550, 05. 151, 01.
11115, 1. 105,11.
5 557, 1.
15111.
1111111111
001, 5101, 00.
115. 1111. 000, 0.
1150111. 507, 05.
115. 01111. 101, 51.
(5111111151. 1111 fi 1.)
Academicorum
11111. 15,00.05, 10.
(1111. poster. 1 051)
110, 00. ’
115.11.05,10. 00, 7.
101, 5. 101,50. 100,
00. 55. 505, 0. 171,
00.515,15.
115.. 111. 05, 15. 50.
105,Ι 5. 110, 0.
115. 1111. (hodie 1115.
prior-11.)
, 151 150, 50.
57 117, 0.
07 00,11.
70 05, 01.
100 00,10.
105 101,15.
100 107, 05.
100 105, 5.

INDEX

1110 100, 00..

100 05, 00.

101 100,10.

105 100, 05.

157 00,11.
11111111 55, 0.

11 111 [1151111
501, 5. 501, 17.

115. 1. 05, 10070, 5.
000, 0. 100, 0. 500, 0.
1 0 177, 51.

10 000,10.

17 507, 07.

00 105. 0.

11 100, Ι7.

10 071, 00.

50 05010.

50 005,10.550,11.

00· 051101.

00 00010.

05 105, 5.

07 510, 1.

00 100,11.

70 011, 00.
11511. 70, 50. 000, 10.
00511. 000, 50. 000,
50. 500, 01. 510, 00.
575, 01. 101, 10. 500,0.
110 10, 50.

00 15, 5.

10 10015.

115. 111. 00, 17. 100, 5.
105, 15. 00. 150, 17.
000, 01. 510, 11. 505,
10. 501, 15. 501, 0.
151,11. 100, 15. 500,
1111111· ’
101 571, 01.

00 10, 50. ,
115. 1111. 5,11.00,15.
05, 17. 01, 0. 0. 17. 01.
150, 10. 171, 5. 101.
00. 051, 10. 005, 01.
500, 1. 500, 55. 515.

17.500,0.105,1. 150.
55.151,1.100,11. 100.
10. 500, 0. 510, 15.

1150. 57,’01. 001, 00.
055, 05. 551, 50. 117,
7.107, 10. 501, 11.

115. 01. 05,1. 10, 1. 050.

00. 000, 15. 501100.

100, 05101, 00100.

0. 501, 00. 510, 00.
517, 51. 510, 15.

510 05,10.

Timaeo
etp-ss 50, 00.

11110 100, 07.

Libri 11111 deperditi.
(Incerta) 55, 5. 05, 0.
005, 10. 000, 1. 571,
7.[155,10.]
pro Cornelio
11511. 100, 00.
pro 011111 05, 17.
pro 11111111 151, 50.
nd 1111111 1151150000.
nd 1111111111 070, 00.
550, 00.

115 1. 070,15.007,05.
505, 0. 510, 55. 507,
5. 500, 50115, 00.

11511. 50,17.510,10.

115.1Π. 0001015000

11 Caes-tem 11111111·

550, 00. 500, 00

115. 1. 0511505000.

050, 10. 055, 55. 000.

5. 10. 075, 5. 005, 55.

000, 00. 500, 10. 550.
15. 511, 0. 500, 50
505, 7. 110, 15. 150.
10. 550, 01.

11511. 55, 1101. 000.
05. 500, 10. 511, 01.
500, 07. 501, 0. 100.
105501.

 

