111. 111. 590,97.490,19.

10110100.
mamm

14 0111111 400,10. Loci 114111010101111111-

111 0111111111 450, 55.
1101111111

11141. 975,17.
111 1411111111 919,15.
111. 11. 904,14.

1 “ 111. V. 57, 95.

111. 014. 457, 90.

11111, qui 111111 1111111114
integri, 111111 1111111019-
111111, 111 1111111111111111111
[74, 90. 107, 7. 109, 0.]
905, 91. 575, 90. ,

0100100 11111111

mmmmm

11004414. 450, 5. cmm 909, 51.

111 01111111

Epigramma& 07, 97.

111. 1. 190, 40. 500,17. CLAUDIUS v. 11111111 11

111. 441. 09, 91.

111111111111.

1411111111 99,91. 50, 95. CORNELIUS 1111111 105,

41, 54. 49, 0. 01, 90.

5. 999, 7.

105, 7. 440, 94. 190, CORNELIUS 11111111

4. 155, 15. 170, 90.
105, 0. 104,15. 901,

11 11111 1111011111
0 500, 55. -

55. 904, 4. 910, 19. 44. 0011110000
955, 10. 940, 51. 941, 11014111 0’509,90.
19. 955, 94. 954, 7. 01100000

901, 44. 900, 10. 94.

41111111 111. xvl. 475,14.

970, 90. 971, 50. 974, 0414001000
5. 975, 51. 904, 59. 441111111 0505, 55.
900, 0. 99. 900, 10. 00440οΤ1100Εο

907, 55. 500, 59. 507,

pro Philippo 0 509, 5.

5. 515, 90. 545, 91. marmus 4111111111-

90. 591, 15. 590, 5.
10. 557, 95. 59. 550,

. 1111 11111111111111111

0 550, 95.

0. 545, 10. 550, 0. 504, numus 04, 51. 80, 5.

”mmmmm
mmmmm
mmmmm
mmmmm
, 1111. 1111111111,
οΜ1Μη
mmmmm
mmmmmm.
mmmmm,

10. 597, 50.

0111111111 401, 9.440,

59.
[Alcyone 05, 0.] ,
Consulatu 111 909, 99.

mmmmmmm
mmmmm
mmmmm
mmmmm
0101101
mmmmm
11. 111, 1. 111111. 111,
Μηωωμω,
1Η11Μ1
mmmm

mmmm

111. 1. 111, 55. 190, 9.

500, 95. 570, 15. 10.
510, 15.

m.

111141. 51,14.
111. V. 990, 50. 55094.
111. vl. 150, 0.
1111014. 100, 50. 410,
7. 505, 10.
111. vm. 150,10. 151,
95.917,11.
lib. 04111. 00, 97. 05,
59. 110, 7. 150, 51.
917, 49. 479, 7.
111. Χ. 570, 99.
111. XI. 140, 51. 105,
15. 405, 5.
111. xm. 105, 90.

· 111. XV. 114,’7.

111. xvl. 910, 49. .
lib. xvu. 454,10.
999, 55.
1111110444. 05, 0.
Achille 147, 99. 40099.

“ 400,9.977,91.479,50. '

111111 505, 15.
Alcmaeone 10, 7. 197, 14.
1411111111 07, 55. 105, 4.
400, 94. 471, 10.

51111111111[111111111111111 ι

1111111110111] 909, 0.
409, 9. 504, 15. 505,
95. 515, 15. 90.
Andromeda 90, 99. 75, 9.
105, 14. 100, 99. 105,
17. 504, 55. ’
0111111111 1111111111

0 509, 95.

Cresphonte

144, 45. 471, 0.
0111111111 455, 50.
[Duloreste 00, 415]
1111111111 900,17.
0111εηί11111 999, 15.
500, 90. 475, 5. 50110.

Hectoris 4111111. 414,14. “

999, 59. 555, 45. 500,

0. 407, 99. 407, 51. ·

 

