166 ης. 515. 5.
· 1661ς. 666,16.
numm
mmmm
mwma
‘4nmm
4wmu
nwma
·mmffi

mmmmm

161 666,16.
1661ς. 666,16.
66116. 561,11.
661η. 561, 5.
651 661,16.

. 511 η. 665, 66.
615 uq- ’561, 66.
616 sq. xm, 6.
566111. 116, 61.
665 555, 66.
566 561,15.
666 165, 66,
615 oq. 566, 5.
65611. 666, 51.
655 556, 65.
656111. 661, 6.
616 sq. 556, 51.
665 561, 66.
665 665,16.
656 156,16.
566 565, 65.
565111. 651,1.
516 556, 55.
515 655. 55.

551 166, 66. 516, 5

, 556 561, 55
56511. 566, 5.
556 η. 566, 5.

Aen. Ι11. 111.

v. 16 m 6.
66 516, 6.

66 616, 65.

16656666.-

65 565, 66.
66η.155,55.566,6.
65 tq. 616, 55.
55 656, 66.
66 656, 66.
561, 56.
65 565, 16.
566, 6.
166 566,16.
111 666, 6.
116 566, 66.
161 sq. 566,15.
161 555, 61.
165 665. 61.
116 566,16.

156 661,15.
166 615, 16.
166 6,16.
166 651, 5.
ωηωι
666 666, 66.
665 sq. 666,11.
666 sq. 656, 66.
666 1661116, 65.
66616. 565, 66.
611 tq. 666, 6.
616 sq· 555,16.
666 115, 6.
611 566, 56.
615 sq. 565, 61.
661 561, 5.
556, 56.
665 661, 66.
666 565, 55.
116, 66.
656 165, 56.
666 516, 65.
661 656, 61.
666 55615.

³ mamm
wama:
mwmwg

ἐ

566 666. 6.
561 561,66.
565 66516.

mmmm&

Μ

56616. 665,16.561,5.
165,65.165,15.
156, 66.
55111. 665,16.
555 651, 16.
556 566, 56.
511 516, 55.
556 566, 65.
mundandas.
565 555, 1. 561, 6.
566εᾳ.166,15.551,6.
556111. 666, 66.
565 655, 10.
561 665, 6.
565 511, 16.
111 sqq. 55565116.
166 555, 51.
166 616, 66.
166 -551, 61.
mmmm
156 161166.
166 166, 15.
156111. 651, 65.
156 661,5.666,66.
166 sq. 656,61“. 5566.
166 661, 5.
15616. 16616.
611 651, 6.
651 165, 6.
515 6561, 56.
566 616, 5.
565 66, 6.
565 666, 66.
555 615, 15.
565 166,56.156,6.
556, 5. 55515.
656 161,11.
616911, 555, 6.
651 sq. 555, 16.
666 566. 5.
665 61. 115. 15,
655 661. 6.
656 166. 65.
666 eq. 555. 65.

 

