1111111111. ’ m¹ ¹

1111111111 400 1111111111,1111111111111111111111 170 11011111 40

1111111111 170 ,000 1111111111 407 01111111 100
1111111111 10 1111111111, 111111111111111111 Ι 404111111011111 0000

- 11111111 170 m 11111111. temptamenta 01111111 100

11111 100111111111111 100 “ 4101111 400. 040
1111111 01. F 001 11111111 404 1111111111 01111111 = 400

1111111 000111111 0 000 1111111 407 1111111111111111 400 .

1111111 000 11111111 100 11111111 410111111111111111 4
11111111 40 1111111111 100 11111111111 10 11111111
[1111111111 400] 11111111 11 1111111111 11111111111 101 11111111
1111111111 40 000 111111111 400 11111111

t 1111111111 171 11111 40 11111111 411 11111111

111111111111 11000 T. tenet 41111111111
111111 440 11111111 000 11111 101 111111 ”
11111 400 1101111101, 1111111111 11111 411 11111, 1111111111 11
111111 000 170 11111 0 1111111111 47
11111111 F 0001111111111 00011111 ⁸ 07711111111 00
nantum, 1111111 111111 r 1110 tergiversari 41 torpor 11 torpedo 1111
1001111111 111111 0071111111 4001111111111 100
101 11111111 4101111111. 111111111111 torquem nuc. 111111.
4041111 ,“ 007 114 007
1011111111 4141111111 11 tergus 007 torquere 110
000 111111 4001111111111 11 111111111 torrere 100
multiloquentia 1701111111 400 007111111111,111111 10
1111111111 010 1111111 400 11111 170 11111 170
11111111 111.111111 000. 040 11111 0001111111 1110
001 1111111111111111000 11111011 170 11111111 010
111111111Ιὶ01Ι 17711111111111111. 111111- testudines 0011111 11
11111111111 40 tien 101 1111111111 170 totum 410 ,
111111111111 170 1111111 410 111111 170 11111111· 170
11111111111 000 Τ111111.Τ1111111000 1111111 101 tuctus 000
1111111101 11 1111111111111 1701111111111 1701111111 11110
40111111 1001111111 “ 4101111111 410. 410
111111111111 000 1111111 0 tetulit 170111111111 100
111111111 040 tegetes 414111111111111111 007111111111111 400
, 1111111111· F 000 11110111 170 1111111111 400 transmittere 414
11110111 10 1111111 100 11111111.111111.1111 11111 170
11111111111 00 1111 440 11111111 4011111111 410
1111011111 000 111111111111 414 111111 444 1111111111 400
1111110111· 170111111111 0100111111111111111100011111111 et 11011111

11111111· 000 11111111111111 1111111111 407 000
matut·- 110 111111111 17011111 044 11111111· 11 11111111

1111111 007 11111111 tum. ’ 100 000
metabulum 17011111111 · 100 11111111 m 111111 0

’00

 

