8888888888. .' 2'22'

umbaudus 191 ambiam ⁴ w'utrnsqn'e 185 vulgavit 189
8818188,881818881988888881ι ⁰ 841 8888818181· 252 vulnus 252
vomien 188 8888888888, 88888 255 un pm· 11 8881818881 „⁸ *26
Vopiscus 11117 88888 nomannorum 189 vultuosum 188 ¹
votitun 25 5252. mun. 8818 950 vulga 187 vultus et 81118888 250
88188 818181188 1998188· 188 8815181888 1888881188 81188188 198
urgere 8178188888 et uterum 229 vulgus 888818. et masc. Z.

χ’ urinum 222522'22221222222 282 250 :anatim 189 ι

· 888888 8888888888 8 88888 88
8888888888 8888888888. ,

-ι-ι

888888 255. 22. [225. 888, 8. 888, 88. 88888. 888, 88. 888 88. 252

888] 888, 8. 888, 2. 888888888888888. 88. 522. 5. 525. 22. ’
225. 8. 1888. 888888, 5. 525. 8. 8888888. 88, 88. 88888.
88888 88. 8. 220. 22. [5222052522 888, 888] 888, 888 888. 88. 888.

977, 99. 1101, 97. Andromeda 98. 97. 84. 8. 22. 288. 55. 1180, 5. ’ ’

888888 88, 88. 888, 88. 22. 8. 8888. 888, 88. 522. 22.

222. 2. 888, 8. 252. 88. 888, 88. 888, 88. [888, 88.. 888, 881 220. 50.
255225 ..8 888. 88. 88. 888] 888. 25. 222. 22. 888, 5. 225. 25. 888, 22.
25. 8. 88, 88. 225. 25. 888, 5. 225. 88. 252'. 88. [8888888. 525. 205]
225. 25. 88888. 88888. 8888888 888, 88. [888] 8888. 888, 25. 888, 88.
888888888888888. 88888888 222. 8. 888. 8888888888. 88888.
888, 8. 888, 2. 888 88. 88. 522. 25. 522. 29. 225. 88. 888, 25. 888.
8888888888, 888, 88188888. . 88.· 888. 88. 252. 25. ’
88888, 88888.. 888, 88. 888, 5. 888, 8. 888, 88.
memnone 25. 22. 225. 888. 88888. 22. · chrysippo 888, 55. 888,
,88. 252. 8. 888, 88. 255. Armorum 5550 22. 88. 88. 225. 25.

55. 595, 95. 170, 11. 91899. 19898. 111191. Clytaemnestra 19115178,
888, 25. 25. 2⁷5.29. 888. 88. 252. 25. 22. 888, 25. 888, 8. 888,
888888... 8888888. 88888. 5525. 8888. 8888888.

255. 88. 888, 25. 8888. 888. 88. 888, 88. 888, 8. 88888.. 888, 8. 888, 88.
888, 88. 888, 25. 888, 8. Astyanacte 88, 2. 88888. 888, 8.
111919. 1119, 8. 179, 6. 5117, 7. 9181888811888 ,
8818888... 8888888. 222. 88. 225. 8. 88888, 888 8888888888,

N

 

