99191
mnma.
ωιωυ.

1111.
v. 95 519, 50.

99 sq. 551, 59.
,15 sq. 9191119.

00 979, I.
V.

v. 7 911,91.119,17.

9999
mama
9199.
τυφω9η
wnmw.
mnmw.

η

v. 9 999, 7.
namn
11991
9599.
9499.

911-99 999, 17.
105, 15.

99 sq. 199, 51.

ωηωωωωμ.

99 991, 11,

ωηωωηωι

vn.
v. Ι 959,19.
7 191, 99.

19 199,99. 99119.
55 911,99. 917,90.

59511. 906, 9.
15 910, 7.
17 977,19.
95 599, 5.

91 599,99.599,11.

VIII.

’ v. 99 991, 97.
99 99,50.917,97.
99 9991111999.
71 511,9.599,91.

109 199. 9.

 

1997011011.

vnn. .
v. 9 519, 17.

Isq· 517,9.100,5.

91 559, 99.
99 511, 11.

57 9199019035.

15 199, 9.

19 5959119111.

19 sq. 991,0.
. 90 999, 7.
97 599, 15.
90111. 195, 9.
99 199, 7.
09 519, 19559, 91.
x¹ .
v. 51 109,11.
51 597, 51.
99 119, 9. 999, 55
71 199,1.597,19.
91111199 911, 90.
Georgicon (Georgicorum)
111. I.
v. 51 951,19.

’ 71 919, 99

79ιᾳη19999101μ99
90 sq 199,,9
99 ’999, 9.

99 sq 111, 91.
95 199,15.

91 159, 99.

99 99915.
19119.590,11.191,11.
109 aq 991910.
119 559, 59.

119 sq. 11, 91.
119 119,19.

199 90919.
155111. 109,19.
151 517,15.

159 sq. 191, 19.
111 191, 59
19919. 599, 17.
199 109,11.

191 597, 9.

197
19191.
mmmm
99999
mmm&
amam
Iwmfflmm
1999.-
mum&

wmspnnm
m mm.

-199 599, 99.

191 519, 5.
90191.951,9.1’991,7.
99919. 950, 9.
919 997, 9.
999ιᾳ.501,91.119,99.
997 99919. ’
999 910, 1.

911 907,10.

997 597, 90.
999111. 91, 99.
991111. 199,99.
999 959, 9. ,
999 559, 7.
99911. 999, 91.
975 110,19.

999 59919.
99911. 55919.
599 591, 9.

595 sq. 501, 99.
599 105, 9. ⁸
511 197, 97.
591 590. 1. ’
599 sq. 150, 99.
559 597, 99.

559 995,17.

597 tq. 919, 1.
59919. 197, 90.
579 sq. 559, 9.
591 599,11.

597 59, 99. 517, 9.
599 990, 50.

590 sq. 999, 9.
195 510, 99.

99

 

