966

ιιι ιιι, ι.
ιιι ιιι, ι.
ιιι ιιι, ιι.
ιιι ιιι, ιι.
ιιι ιιι, ιι. “
ιιι ιιι, ιι.
ιιι ιιι, ιι.
ιιι ιιι, ι.
ιιι sqq. ιιι, ιι.
ιιι. ιιι, ιι.

· 969 69, 6.

966 900, 60.

976 sq. 696,69.

966 690, 96.

969 969, 96.

,960 sq· 667, 66.

969 66, 96. 696, 96.

609 sq. 666, 9.

606 sq. 969, 96.

606 sq. 966, 96. 976,
90. 960, 69.

’ - 699 907, 6.

69661. 607,99.669,96.
696 660, 6.
696 609, 9.

“ ιιι ιιι, ιι.

660 666, ’6.

669 979, 9.

666 ιι. 999, 6.

ι 66661. 999, 99.

679 966, 6.

669 996, 97.

669 ιι. 666, 6.

999 696, 6.

999 666, 96. nom).

996 tq. 990, 96. 966,
96. 696, 96.

99761. 690, 90.

969 tq. 669, 60.

966 96, 69.

966 900, 96.

996 696, 69.

969 969, 6.

ιιιη. ιιι, ιι. ζ

999066

966 666, 99.

967 669. 69.

977 sq. 996, 6.

960 670, 99.

966 666, 6.

606 66, 99.

607 tq. 999,6,999,96.
669 966, 99.

666 mmmm
6961ι. 996, 96.
696 tq. 969, 96.
669 666, 60.

666 tq. 696, 6.

679 969, 99.

676 tq. 966, 99.

’ 667 966, 6.

666 996, 96. 966, 7.
600 uq. mmmm.
690 uq- 966, 96.
696 666, 6.

666 676, 99.

709 tq· 967, 6.

706 ιι. mmmm.
799 969, 9.

796 ιι. 699, 96.
790 sq. 966, 97.
799 696, 60.

766 sq. 696,99.
796 666, 6.

Aen. lib. 11.

v.3 66, 6.

96 η. 969, 97.
96 990, 99.

66 sq. 900,.99.
69 sq. 966, 96.
69 996, 97.

69 966, 97.

66 sq. 996, 9.

70 676, 96.

76 oq. 606,7.9Ι7,6.
66 sq. 696, 96.
66 669, 99.

66 tq. 960, 96.
999ιι.666,96.906,99.

 

