100 mm

gaen 11. 111 μ... re.. ee ...1111 111. ruer unbem
,1111 111 111 1....- 11111...
1111111 11011υ11 00 ime· 11111. et 111. 11111111

100
100
190

glabri 11111 000 grew 10 9001111111 091. 091

11111111 0009111ιᾶ11 101 1111111111 010 111111
11111111111111900 1111111111 11111111111111111111111 11111111

170
107

000 grunnire 111 199111111197.07.090

1101111111 100 111111. 1110111111, 11111111
9911111111 110 hostire 0. 1911111111·
101 111111 1111111111. humaniter. 11111111111111111

00
100
000

· 109 907 000011111111111111 “ 011

007 11. 11111111, 111111111 irruere

110 11111111 110 09 1111111111
110 111111 017 1111 10011111111

ι glutino 101 11111111 010 1. 11111111

11111111 110 11111111 077 111111. 11111 w Ι11111111
graeile 1110111111 11011111 ¹ 090 inpertire
1111101111, peneus. 1111111111 1901111111

1111111111, gnei· beheimi 19111000 11111111

1111 11611111111 90 1111 1111
1111111111 17 1111 1901111
1111111 109 11111111 0110 icit 190 11111111111
endu 010 1111111111 00 idiote 0011111111
1111111. gratteram 1111111 0101111111 1011111111111

1101111111 101111111111 F 00011111111

. 1111111 11011111 . 191 1111111 190 inpotentium

11111111 17 11111 017 igitur 1901111111·
111111111111 110 heredioli 01 ign-nn 1001111111111
surdescere 110 11111 1001111111 190. 190 111111
1111111111 11011111 010 ige-riter 010. 011 11111111
11111111,111111111111111111 010 ignem 0011 1111111

1111 111111111 191 1111111111 100 11 111111
1111111 111. 11 11111. trituretur 191 1111111111 101 11111

000 1111111111 110 1111111111 11 11111111
11111111 0111 111111 199 111111111111111111 terrie

1111111111, guttum 11111 1111 1001111111
1111 1111111111 199 ignoscite 000 inedita!

111111111 110 111111 190 ignote 191 11111111

ω i

110
001

00
190

07
170
100
107
100
010
010
100
110

’111

097
1110
190
011
100
111
090
197
110
190

1190

190

greve 010 1111111111 11011111 091 11111111, 111111111

1111111111 110 1111111 10011111111111 110
111111111ιί 110 1111111111 100 illex 10110 11111111

grege· 11111. 11 111. 1111111111 100 11111111 01111111
900 11111 010 11111111 190. 070 1111111

perire 100 11111 190 111111 0901111111111

101
191
100
110
110

 

