190 mm

ιιι.. ιι ιιιιι. ιιι. ua. n. ιι.ι..ι,ι,.(ιι.ι.ιι,,.) ιιι, a& ι. ιιι ιι. m, ³.
ιιι) vm ιιιι. ιο, 2⁸.2]n³.5.1u4.m. ιιι, 997, ³1. ποι. οι. w.
nimae aa. ιι. ιιι), ιι. ι. 999 ιιι. ιιι. ια. w. ιι. m. a. ⁴9⁰, n. ιιιιι,
181, ιο. ιω. ιι. ιιι. m, ι. ιοιι. 99. noo, ιδ. ιι. wa, ε. ιι. ⁸0³, no.
90. 599, 95. 550, 99. 591, 7. Tem 00,,97. 999, 90
εει, 29. ιιο, aa. uu. uxr-umba. ιοιι,τιι.ιιιο. ιιιι. 39. m. ιο. αιιει. ι.
9ι.ιιι.ει. 55.ιὸι,39 πει,ε.αοι, 9ι9.ιη. 535.ι9. 499
mmmm mmmmstussffimwr
npssonn ιο. κ. ιο. ιι ι55.ι.5οι.33. υι9.ο.

ιιι, ιιι. ms. ει. usa. ιι. mmmm ιε, ιο. ιιοι. neh-me ιιι, ιιι. ι

900.9. 105, 90. 909. 5. 99. 950, 5. 909, 9. 591, 'frondibus 99790.
900, 19. 990, 99. 950, 50. 999, 9. 900, 90. 905, AEMILIUS 91901911

99. 599, 99. 500, 99. 99. 509, 9. 505. 99.
990, 90. 979, 90. Nyctegmh 900, 90. 997,

099095ςο91· 990, 90.

lib. 1 590, 95.

Ειιὶιιιιιιὴιιώε 9, 99. 9, 97. 595,90.559,99.597, ,9995199119 (1³³. 59. ¹
99. 99059. 959, 5. 999. 9. 999, 0. 959, 9. 1990. C· 999, 911.) 579, 9. 557,
9. 997» 51)- 955, 97. 957, 5. 595, 9. 1995, 0.
e! 909. 90. 507, 0. 970, [Niptris 995, 9.·1]

90. 905, 99. 905, 99. oenum 95, 95. 75, 95.
900. 55. 590, 0. 990, 59. 90555. 959, 5.
Erigon· 05, 95. 950. 99. 559, 90557, 9950599.
979. 99. 595, 90. 591, 900, 9. 909. 95. 905, 7.
99. 909, 90. 990, 5. ,Ριιειςοι lib. 1 09, 99.
Eurysace 0, 59. 19,0Ι 99, Pelopidis 959, 55. 979,
90. 15. 0. 79, 97. HM. 90. 959, 97. 905, 59.
975, 97. 909, 50. 105, 9. Philocte& 90, 90. 99. 5.
995, 55. 95091. 950, 10. 970, 59. 590. 0. 595, 95.
95095. 907.10. 595, 7. 599, 90. 590, 90. 909.
599, 99555, 90550, w. 59. 599, 91.
995, 0. 905, 90. 900, 59. phinidis 90, 50. 09, 90.
500,97.517,95.599,95. 900, 59. 905, 90 905,
[Iliona 509, 0. 505, m] 99. 900, 7. 505, 90.
Medea 99, 0. 90, 90. 90. 50959. .
00, 0. 00, 0. 950, 10, Phoeninh 95, 90. 90, 5.
970. 90. 957, 55. 507, 05, 90. 909, 10. 979. 9.
97. 595, 99. 509, 5. 999, 905,0. 10. 909, 99. 590,
51. 907, 10. 50. 509, 0. 5. 990, 0. 990, 9.909,50.
Melum 95, 90. 51. 59, Ριιμιιϋοίι 950. 99. 99.
5. 79. 5. 999. 95. 195, lib-1 1159. 11·
0. 19959. 168,ssst 184, Prometheo 97, 90. 900, 9.
59. 909, 90, 5008. 0. &asiatio vel Τωμο (Liba-
Ι 597, 10. 550, 90. 970, 1111 90, 99. 559, 55. 557.
10. 909, 97. 905. 90. 90599, 95.
900, 90. 505, 0. Telepho 95, 95. 950, 99.

90.
Abducta 957, 51. 579, 55.
Aequlibu 09, 97.
Auctione 70, 90. 909,
90. 999, 91.
Augure (Auguribus) 70.
59. 959, 97. 505, 99
599, 91.
Brundisina 07, 90. 995.
90.
Ducem “inputo 990, 99.
cinerario 990, 59.
Conpihlibu 50, 90.
996. 97.
Crinito 999. 97. 990.
99. 900, 99.
Deposito 00, 0.
nivoni· 90, 9. 99, 59.
ammmmm}
99. 979, 90. 905. 90.
595. 99. 505. 90. 599
9. 975, 90. 500. 95.
515, 90. 595, 50.
Ειιιοίμὴ 01990. 900,
97. 900, 99. 517, 90.
Epistula 9. 97. 90, 9. ,
109, 99. 907, 59. 991. 1
95. 950, 95. 900, 15.

 

