ὅ 611, 16.·
51 561196.
966, 19.

56 ’611, 91.

565, 56. «·

11 11111. ’
111, 11.

111 111, 11.

111 111, 11.

116 596, 96. 965,
16. 969, 9.

116 566, 6.
191 511,16.
116 966, 96.

561159.
119 76,16.
161 967, 1.
169 971, 96.

1661611611. .

11 1111111111
111 111, e.

76 966, 51.
76 116, 96.

11 11111111 111111
[116. 1 1 16 167, 73]

1111. 11.

1 96 116, 19.

19 965, 96.
15 569,19.
17 159,16.

71 tq. 151, 96.

66 176, 91.
67 956, 6.

Ι 66 166, 16.

117, 17.
111 1116, 9.

115 916, 56.

166 919, 56.
11 Atticum

116 965, 6.
116 566, 1.

11111. 166 17, 6.
,11. 7611 911, 5.

161 916, 91.

nb. 1111. 561, 11. ’

11116116 66, 9. 116111.
11. vm. 111 oo, 1.
ep. 111119 965, 16.
5 965, 99. 116111116111
1111. vml. lib. 1.
ψ 61 9 576,“1. 166 166,16.
1111. XV. lib. 11.
ep. 11 1 111, 11. 1 1 11111,
1161111111
‚ 1111. Π. lom
ἐρ. 9 166,16. lim.
11661111. 191 196, 51.
11111 6 191, 55. 66 591, 96.
111961 5 65, 56, 61 5111, 97.
lib. 111. lib. 11·
ep. 91 9 971, 5.
ep. 51 9 975, 51.
ep. 11 9 961, 55.
111111 6 966, U.
11161 1 961, 6.
1 976, 6.

95 917, 6.
56 177, 1,
55 76,16.
11 969,19.
69 76,16.

66 96, 16. ’

11 Finibus 11111111 11111-

111 1111.
1111111.
11 11111.

11 11111.

11111. ,
111 11, 11. ,
1ο 111, 11.

11111.
1111111.
1111111.

11. 1111
5 1 111, 1.

11 sn, a.

111111.
uo 11, 11.
11 1111.
aa 111, 11.

11. v.

1 a 1111. ,
1111111.

111, 1.
a 11, 11.
11111, a.
11 ns, 11.,
51 111, 11.
11 111, 1ο. '
11 111, 1111111.
111, 111111.
1111111.
11 111, 1.
aa 111, 1.
1111111.
1110111.
1111111.
111111. ‚
1111111.
11., 11111.

11 Legibu-
1 o 1111111111. 11. 1.

111 111, 1.
ao 111, ,1.

«ie 01111.

11. 1.
1 11 111, 11.
61

 

