5 ιοι 2⁷⁴,n³.
’5555555555

· 40οΤ0565.
§mm

5555
mmm

545, Ι66665, 5. maculant-masculanum 445. 4444.

566, 44.560,46. eod. In]

445 665, 55.

447 406, 6.604,54.

446 44, 66.

de Senectute
5 6 547, 44.

mmm
mmm

40 504, 5. 547, 46.

65 565, 54.

66 665, 44. 546, 40.
66 565, 64. 545, 65.

54 566, 45.

55 574, 66. 407, 55.

546, 6.

54 565, 6. 646, 66.

56 55, 65.
57 566, 56.

56 405, 47. 64, 40.

46 506, 55.
46 54, 55.

45 405,50. 46, 44.
46 656, 4. 576, 64.

576, 65.

46 6, 40. 447,65.
54 404,40. 46,46.

665, 66.

mmmmm
'mmm

55 446, 7.

56 466, 66. 470, 55.
57 76, 66. 466, 40.

56 400, 55.

mmmmm
5555
mmmmm

406, 66.
70 644, 54.
76 46, 66.
76 44,55.

65 676, 6. 670, 56.

lib. 1.

5 5 555, 6.

40 404, 66. 464, 5.

555, 6.
44 575, 67.
46 06, 6.
66 666, 46.
60 66, 45.
57 676, 54.
50 500, 56.

40 544, 50. 675, 6.

mmm
mmm
555,
mmm
mmm
555

65 605, 45. 606, 5.
407 474, 67.476,66.

446 407, 66.

lib. 11.

4 5 06, 45.
55 405, 66.

45 66, 66. 56, 46.

mmm
555

lm 111.

5455
mmm
554

44 445, 44. 466,66.

47 47, 44.
60 445, 60.

65 445, 66. 46565.

555
mmm
555
mmm
554
mmm

5555
mmmmm
55

· 60 667, 44.

64 405, 46. ·

’ mmm

555
mmmmm
55
mmm·
555
mmmmm
555
mmm
555
mmm

lib. V.

§imm
555
45555
amm
55555
mmmmm
555
mmm
mmm
555
mmm

· 57 546, 54.

56 65, 5.
45 444, 45.
46 456, 5.
46 457, 5.
56 444, 66.
57 644, 6.
50 466, 56.
66 655, 40.
65 555, 47.
75 60, 46.
77 445, 44.
64 44, 67.

 

