170, 11. 570, 0. 501,
10. 100, 55. 110, 1.
101, 0. 005, 15.010,15.
Excepto 150, 15. 101,
11. 100, 10. 110, 11.
151, 10. 150,11. 510,
0. 517,10. 5101105,
10. 100. 10. 015, 15.
10. 050, 50. 011, 10.
01111111 10, 55. 01, 11.
75. 10. 51. 151, 17.
117, 1. 171, 50. 55.
100, 10. 101, 5. 500,
17. 500, 17. 505. 51.
507, 11. 500, 10. 151,
15. 177, 11. 107, 10.

001, 17. 010, 51. 011,
51.

01111111. 011111.
11111111 70,55.100,1.
170, 0. 501. 10. 175,
10 010. ⁷.

1111111111 50010177, 17.
11111111 100,-17. 507, 5.
11111111 007, 10.

1011100οΙ.

111,. 111. 1.
1.... 111111. 11
01111 100, 11.

de 11 publicu 11111
F 000, 11. ¹

mmmm. 1111111111.

Pugnate 010, 0. ,10181011 ap. 01111111ι

0111111111 011, 10.

50050.

Simulum 111. 0. 110, ARISTOTELES 111, 0.
11. 107, 10. 10. 100. 1111111111 10011110

10. 011, 0.
Sororibus 107, 5.

0011111111 nh. 1111.
101, 0.

&specu 0, 0. 50, 15. mmo 111111

105. 10. 171, 0.,100.

1111111 0111110110 01, 50.

1. 1111. 111. 11. 111. Am [111. 11. 111. m]

:mmm
mmmm.

mmmmmm
wmmamu
101110
0411ωω.

Aquis 111111 155, 11.
150, 7.

eunonium« 110,11.

0101111101 101,10.
0111100111 100, 51.

tummim 105,11.

117, 50. 150, 1. 150, ussus 1. 111111.
15. 101. 10. 100, 15. 000100 11111, qui 11111

557, 10. 501, 11. 117,
51. 155,10. 170, 10.

111, n. 111, 1. 111, 1. 1111111111 1111. 111. ,

197,10. 001, 10. 000.
10. 010, 0.

muneri· (1111111111) 11, Annuus

1. 111, 11. 110, 10. 0011111111 1101 101, 0.
107, 51. 501, 10. 011, 1111111111.. cmm.

50. mmmm
11111111.. 111111] 1...111..11.1.1111,11.
01111 01, 15. 70, 10 011111111101111111111111
90. 17. 110. 11. 500, Alexandri 01111110

1. 570, 0. 111, 10. 010, F 000,1.

0. 10. mmm v. 1111111.
111111 111, 50. ANTISTIUS 1. 11111.
01111111 5,11. 11, 17. numus

10, 10. 55, 51. 70, 0. Aah· 11111 1· 001, 11.

110,11. 110, 5. 110, (1100111011111111
1111111. 111 11. nem) 1111, 11.
50015. 55010511, 0111111111 0000, 15.
10. 501, 10. 107, 10. tudima-mmo.

1ου. 11. 1111. 111, 11.-..1111111111
10. m. 0. 00510. (01111101. 1111
011, 0. 015,·55 11111 welph.)

111 11111111 scripsit
F 000, 0.

15. 111, 10. 110, 10.
105, 11 107, 51. 110, ·
0. 155, 0.

11111111 10015.
Aethrione 050,11.
11111111 101, 10.

Anto 150,10. 10010.
171, 17. 171, 5. 170,
0. 007, 0. 017, 10.
01111111 101, 11.101,10,
0110111 501,11.
11.-1111111119.
Euboan 11011.
Ephesi· 1,10.

01111 70, 10. 500, 10.
11111111 117, 10. 117,
50. 551, 0. 150, 17. ⁸
011, 10. 50. 011, 7.
011, 0. .
0111111111 100 1. 015,
10.

 

