lffl

440 550, 45.
440 400, 7.
455 tq. 404, 44.
404 tq. 475, 0.
500 500, 45.
545 ¹1⁸1. 400, 44.
555511.

’ w! 577, 40. ,

50 450, 0.

57 sq. 470, 45.

44 554, 4.

45 ις. 500, 40.

50 404, 4.

77 04, 50. 454, 44.

0051. 5044. 55040.

00 444, 40.

05η.570,40.444,40.

440 540, 47.

445η.444,44.440,47.

440 oq. 545, 40.
440, 44.

440 η. 545, 40.

450 445, 40. ,

454 sq. 455, 5.

400 447, 44.

Χ455555

400 407, 50.

470 405, 0.

477 aq. 545, 0.

470 540, 5.

400 444, 40.

40015. 400, 44.

407 555, 40.

400 400, 4.

400 445, 54.

445 444, 4.

444 500, 45.

440 475, 40.

450 455, 0.

454 sqq. 504, 0.

450 sq. 544, 4.

· 474,, ιετ,ιη

47051. 540, 0.
400 504, 0. 405, 40.
405 sqq. 545, 45.

UOEX

500 sq. 544, 44.
50051. 500, 40.
540 500, 44.
555 400, 40.

5545555
5555
5555555

554 sq. 445, 44.

554 tq. 457, 54.

505 sq. 540, 0·

500 405, 5.

5005. 405. 0. 50540.

574 444, 7.

574 444, 4. 400, 40.

575 444, 47.

500 tq. 474, 55.

504 400, 0.

500 500, 40.

507 540, 44.

44445. 557,4.504,47.

404 540, 4.

40551. 444, 40.

400 sq. 404,5.500,40.
500, 40. '

444 555, 0.

447 50, 0.

444 455, 40.

55555554

440 404, 44.
470 547, 0.
5554.
474 455, 47.
4004541. 70, 45.
40551. 544, 45.
500 sq. 540,50.
540 540, 54.
544 407,5. 440, 5.
Georg. lib. lu.-
τ. 5 555, 0.
45η. 507, immo.
47 440, 44.
45 557, 40.
55 tq. 400, 40.
57 η. 500, 40.
44 547, 5.

555555
· 500, 54.·

5555

mmmm

55 577, 50.

54 550, 4.

55 50, 0.

50 440, 47.

04 400, 7.

05 sq. 50044550.
mmm

75 500, 7.

75 500, 44. .

00 4504050414

04 404, 40.

04 sq. 44444.
54 504, 45. 4044.
547,55.

00 547, 47.

04 sq. 500, 44.

404 545, 7,

ωψωω.

4405405444θοοι
550, 455044

ἰω5ωι

45455Ι
5355.
45450
Μυφωῶ
4555550
mm.
4445 5444, ⁹2⁸
55550
55,50
5555
5455
4555Μ

, 475 407, 4.

υοη.544
mam&
m 55
5455
555504
55,50 ,

⁴ 404 500. ὅ·

 

