888 88888

88888, 88888. 8888, 888,88. mvn. 888,88.
8888 888, 8. 888 888,88. 88888888

8888 888,88. 888 88, 8. 88888888, 88.
8888 888, 8. 888 88, 88. numus 888, 88.
8888 888, 88 888 88, 88. 8888888888 888, 88.
88. 888. - 888 888, 88. 888,88.888,88.88888.
8. 88,. 888, 8. 888,88. 888 888, 8. 88888888 88 888,88. 8888

88 888, 8. 8888 888, 88 88888.

88 888, 88. 8888 8,. 88, 88. mos 88 8888888888 8888
888 888, 8. 8888 888, 88. 8888 8888, 88.
8888, 8888. 8888 888, 8. 8888. 88888888 888, 88. 888,
888 888, 88. 8888 8888. 88. 888, 88. 888, 88.
888 88, 8. 8888 88. 888, 88. 888, 88. 888, 8.

888 888, 8. 8888 88 88. 888,,8888888

888, 8888. 8888 888, 8. 88888888.

888 888, 88. 88. 88. 8888888888 888, 88.
888888, 8. v. 888 888, 8. 888-888 888, 88

766 sqq. 166, 66. 166 1678 1. emine 18861 Poenici
888 8888. 888 8,. 888, 88. = 888,88.·

888 888, 8. ι 888 888, 88. 88. 88. 888, 8. 8888
888 88, 8. 888 888, 88. ‘ 88.. 888. 88, 8. 888,88.
8888 8,. 888,88. 8888. 888 888, 88. 88. 8888. 88888888
8888 sq. 888, 88. ” 888 888, 8. 2 888, 88888, 88.
88.. 8888. 888. 888, 88. 88. v1. 8888. 888,88.
,. 88,.888,88.888,8. 888 888, 88. . 888, 8. 888, 88. 88.
888,.8888888888. 8888, 88, 8. 888,88. 88888

88 sq. 888,88. 888 888, 88. 888888 88, 8. 888, 88.
88 888, 88. 888 8,. 888, 88. 888, 88.

88 8888888. 888,88. 888 888, 8. [88888888 8888, 8.]
888 888, 88. 888 8,. 888, 88. 88888 888,88. 888,88.
888888888888888. 8888 888,88. 8888888888888.
88888, 888, 8. 8888 888,88. 8. 888, 8. 888, 8. 888,
888 888, 88. 8888888888 8888888 88. 888, 88. 888 88.
666 66, 66. 11888818ιί8 11667, 66. 661, 6. 616, 6.

666 616, 66. memus 8. mnus. 61818818ιὶ8 6661617.
1006 sq. 166, 66. mnu v. 88888888, [688188888868 166, 63]
1000 sq. 666, 15. 8888888, Emistin 161, 6.

1666 76, 6. 88888888. 6888888688 1666166,
1616 oq. 166, 16. malus 8888888 6. 661,66.676,66.666,
fib, v, in 1688818 deoru· hymnis 61. m, 66. 166, 66.
“8. 88 sq. 888, 88. 8 888, 88. [8888888888 888, 888]

88 888, 88. 8888888888 8. 88888. tyn-rgo 8888881 88.
606 167, 5. 11Α110 8. mutuus. 66. 76,17. 61,66. 166,
667 661, 6. munus 8888888 66. 161, 67. 66. 1667.

 

