1111, 1, [1 111. ruem]
1 11,16.
1,11 111,11.
10 111, 1.
0111111 111, 10.
’011111111111 11, 11.111,
11.11. 111,11.110, 11.
nmatione 'F 161, 11.
1,1, 1 111,11.
11 111, 11.
1, 1 6, 1.
1 1111. 110,11.
11,1, 11 116, 1.
1,11· 11,11.
10 111,11.
11 111, 1.
11 111, 11.

1111111110, 6. ,

11111, 1 110,11.
1,1, 11 1,11.
1,11 111,11.
ι11111· 11111.
11111111
1,1,11 10, 0.
11 11111.
1,11 111, 1.
11 101, 11. ’
11 1,11.
ν 11,1, 11113 101,11.
111,11.
111, 11.
11 111, 11.
- 10 111,,11.
11· 111, 11. 10.
11 111, 11.
110, 1.
111, 11.,
11 111, 11.
1111011.
11 111, 11. 11.
111, 10.
111 111, 11.
111,1,11 111, 11.
Ὶ1111,1,11 111, 11.

1111101111.

11 ι... 111111. ’ 11 11111.
11 116,11. 11 101,11.
1,11 101, 1.Ι , 11 11111.
1,1,1 1,1δὶ 111, 1. ’ 111, 11.
1111111111 1111. 11,-1, 61 111, 11.
Medico pmaito 11, 1. ’ 110, 1.
100,11.111,1. 111,1, 11 111, 1.
11111111ιὶ1 1111, 10. V, 1, 111. 111, 10.
1111. 111111. 111, 11.
111, 11.
11 111, 10.
10 1,11.
1,1, 1 111, 11.
11 111, 11. ’
11 11, 11.
11 101, 11.

111

1,11 111, 11.

’ 11 111,11.
11 100, 1.
11111111, 1.
11 111, 11.

111111. (glorioso) 111, 11.

11111, 11.

“ 1,1, 1 1111.
111, 11.
11 111, 11.
1, 111. 11, 11.
11 111, 11.
1,11 111, 11.
1, 1 111, 1.

11, [1, 11 161, 101]
1, unq. 111, 11.
111, 1, 1 1,11.111,11.
11 111, 11.

1,1111. 111, 11.

1111,1,11 111, 11.
V, 1, 1 111, 11.

11 11,10.
“ 11 111111.
11,1,1111.11161,11.
[1,10111111301] ·
1,11 101, 1.
1,11111. 111,11.
111,1,11 1,11.
11 ις. 111, 11.
1,11.
11 111, 11.
11 1,11.
11 111, 11.
11 110, 16. “
111 tq. 111, 11.
1111 1.
1,11 101,11.
1, 11 tq· 111, 11.
1111,1,11 111, 1.

1, 11,, 1,11. .
111, 11. ,
11 1,1,
111 11111. ι,
116 1111.

1,1611. 111, 1.
“ 11 11, 11.
1,11 111, 11.
1111111111 1111110.
1,1,11 111, 16.
11 111, 11.
101 111,11.
1, 1 111, 11. ’
11 116, 6.
“ 11 111,10.

1,11 111, 11.
1,11 111111,
11 111, 1.
11 111, 1.

a, 11 sq. 111, 11.
1,11 111, 1.
v, ι’, 11 1,11.
11 111, 11.

 

1 1111011111. .

1,11 111, 1. “

