8111181 11111111 78, 88. 87. 88817. 804, 8878,
88. 40881. 488, 8. 488,
14. 448, 8. 1018. 471,
88. ’488, 11. 808, 18.

104, 17.
§mumulus 1. 1111111.

SERENUS

4807011811.

118

1, ιο 111, 11.
11 111, 11.

1111, ι, ι 111, 11.
1, 11 111, 11.

61, 81. 898, 98. 811881881- 89917.
in opusculis 111111Ιί8111 884,81.88. 8884. 888,
916, 86. 919, 98. 888, 1, 8. 1, 9. 15. 11. 91,
9. 481, 19. 467, 88. 111.,1. 87, 8. 98, 81.
1111. 88919. 111. vl. 486, 86.
1189111111 197, 99. lib. v111. 191, 8.
Historiarum 1111. xxm. 488, 10.
1111. 1. 168, 8. 187. 18· sonemus 1188986.
111, 11. 1111111111111 111....
111. 11. 8898. 118118, 86.
111. 111. 87, 88. 88, 8. sumus

88 180,11.
48 884, 88.
V, 4, 1 888,11.
88 481, 88.
8, 88 878, 18.
48818.
Andri· 1
11111 11, 11.
18 80,17.
88111. 88,17.
87 881, 81
488, 81.
1,1, 7 801,18.
18 817, 88.
888, 8.
18 888, 88.
88 878, 88.
88 88, 80.
41 818, 84.
48111. 488, 80.
4711. 818, 8.
88 817, 80.
78 888, ’8.
8811. 888, 8.
108 480,11.
110 884, 84.
114 808, 881
184111. 440, 88.
188111. 878,18.

70131· 1101113916· 1011 11 1111111111 8111111111
6. 7. 198, 17. 186, 9. p 503, ¹7,

151118· 7· ss. 1511151· 7116171181. 1111111111.
1111 85· 11151· wm- ’1118118 in 11111ρὶ11111

188, 17. 880, 18. 988, r 533, ss.
1881811- 561. 19 1111111111 [111. 111]
888, 8. 867, 88. 448, Melpffi.
88. 486, 88. 484, 17. 1,1, 225⁹, 10, Ι
19. 491, 86. 499, 98. fl 11111,
869, 88. 86. 816, 99.
897, 18. 884, 11. 888,
8. 8889988918888,
16.98.888,98.886,4.8.
111. 1111. 1119849111.
86, 7. 11. 19. 88,18.
98. 78, 18. 91, 99. 91.
96. 81. 99, 9. 98, 89.
99, 6. 161, 18. 19. 99.
118. 91. 86. 118, 19.
197, 8. 188, 9. 119, 8.
111, 11111, 11. 111,
98. 81. 169, 4. 7. 198,
97. 88. 86817. 967, 8.
8. 99996. 8111116. 988,
7. 987, 19. 988, 6. 86.
968, 11. 964, 99. 878,
8. 97198. 977,11. 989,
11. 994, 8. 996, 88. 889,
18. 884, 6. 88898. 881.

488,11.
88 88818.
40 5521ss. ¹
88 841119.
8, 8 tq. 88, 7.
11, 1, 1 81, 8.
8’ 408, 98.
18 88818.
18 887, 98.
17 488, 6.
80 488, 6.
48 888, 8.
8, 9 888, 88.
8,10 808, 86.
111, 8, 18 878,88.
81 88814.
87 84819.
1, 11111111.
11 111, ι. ’
78111. 878, 4.

878,88.

148 sq. 880,11.
8, 18 87814.
88 871, 84.

88111. 880,11.
8, 14 888, 80.
18 80881.
8,18 888, 8.
11, 1, 8 888, 8.
18 88888.
818 418,18.

 

