Μ

1111161111·

v. 6 551117.
,19 51511.
56 111,19.
61 516, 5.
55 151,19.
55 566, 51.
61 166, 55.
76 ος. 11516.

. 91 511,17.
69 sq. 516, 56. ’

167111. 169,15.

, Μηωμωφ

mma
*mmmmm
mmm
mamm
mwmw
mamam
mmm
1551
mma
ww&
mmm
mmmm
,mwma
'mwmw
mwmm
mm&
mspmm
wmffl
mmm
mfflmwm
mwffima
nmmmmz
mm
169 aq. 166, 19.
ωψωη
mmm
Μῳωηωμ
Μηωω
.mmffl
mmm
mmm

ΝΜ

519 5⁰⁰, 9.
Μηωωι
515 sq. 576,16.
567111. 199,11.
569 519,19.
565111. 16519.
566 sq. 165, 5.
561111. 596.15.
161 oq· 197,17.
197 151,16.
115 196, 1.
111 ιφ 51, 7.166.16.
115 516, 51.
111 165,16.
165 516,16.
157 ις. 161, 11.
161 191, 5.
175 η.165,16.191,16.
196 116, 9.161,55.
165,16.
516 165,16.
555 166, 1.
669 161,15.
666 195, 5.
565 597, 51.
567 595,17.
571 sq. 561, 6.
666 516,16.
611 166, 56.
616 15, 1.
611 tq. 195, 1.
659 516, 56.
661111. 167, 51.
676 111,11.
677 tq· 599, 1.
697 616,16.
696111. 17919.

Aen. 111. V.

v. 16 175,19.
11 tq. 566, 6.
16 tq· 571,19.
66 167,11.
67 111,19.
75 519, 9.

77η. 5111561636.

61· 111, 17.

avqfflmznm.

96 171, 7.
111 566, 7.
115 119, 6.
116 656,17.
156 561, 17.
156 519, 1.

ωψωωω
mmm

161 sqq. 176, 16.
561,11.

161 sq. 161,19.111.5.

161-196, 9.

176 161,16

166 591,16.

mmmmm:

161 551,11.

11611. 191111

111 167, 1.

116 566,19.

157 161, 6.

119 51611.

16611. 116, 7.

165 561,16.

165 561,16. 111.1.

167 615, 16.

176 561111.

16911. m, 11.

191 161,11.

516 556, 6.

516 ,ιφ 611, 6.

511 19,16.167,11.
116, 1.

551 sq. 1111,19.

511 sq. 561, 56.

597 151,16.511.51.

161111. 561, 16

166 559, 9.

116 sq. 156, 51.

116 161, 15.

111111. 566, 7.

111 197,”11.

 

