§99 111, 19.
711 111, 11.
87 116, 1.
99 511, 17.

1807051111.

’1111 11111111, 9.

516 91, 19.
519 150, 19.

111 111, 11111111.

1111 71, 9. 1111, 0. 1111. 111.

1111, 11, 1.

101 180,17.1111,11.

168 150,16.

1811 17111. 111111.
1111 191111.

116 161111.

151 1110,111.

181 111919.
111111.

, ἱ 1111111.

11 11111.
11 11111.
11 11,11.
11 111, 1.·
11 11111111.
11 11111.
11 11111.
11 1111.
, 99 111, 99.
11 111, 11.
11 111, 11.
11 11111.
111 111, 9.
,111 11111.
111 111, 99.
111 111111.
111 111111.
111 11111.
111 111, 1111111.
111 111, 11.
111 11, 11.
111 11, 11. 111, 1.
111, 11.
111 11,.11.
111 111, 1.
111 11, 1.
111 11, 1.
111 1111111111.
999 11111. 111,.11.

111 11111.

111 161, 11.

50 1115, 51.585,111.

58 169, 9.-
15 161,15.

’ 17 1711, 17.

99 160,10.
61 170,15.
09 190,11.
71 111, 15.
75 111,11.
61 61,10.

99 155, 18. 06, 19.

100 111815.
119 160, 9.

111 110, 16.

1111 16, ,7. 169, 8.
111,17.

170 505, 0. .

171 166,11.

180 171, 1. ’

1811 101,15.

111 1111, 16.

116 16, 7.

110 575,16.

111 1119,11.

infimove.
5 11 100,15.
, 10 111118.

11 9999.-
99 69, 1. ·
17 160, 16.
16 60, 8.
56 11111, 6.

ν 59 177, 0.

11 1111.
11 11111.
¹99 99, 11.

115

1110 11111.
99 107,11.
119 107,15.
80 166,11.
61 155, 51.
81 1119,11.101,9.

“ 78 1116, 17.

60 177, 11.

,11 111, 1.

99 111, 11.·
111 111, 1.
111 1111111111.
111 11111. “
111 111, 99.
111 11111.
111 111, 11.
111 111, 11.
111 11111.
111 111, 11.

.· 999 111, 99.
111 1111111111.

pro (1111Ιί1

5 16 109, 17.

in (1111111111

1111. 15 6 556, 111.
1111. 115 1 1011, 51,
7 119,11.

11 1156, 10.
106,10.

pru Cluentio

5 91 10, 17.

pro 1111111111

1 1 111, 9. 111, 1. '-

91999992199

· 99.1 ς

ξ 1 111, 11. 190, 6.
169, 1. 517, 15.
5 50,15.
1 56811.
55 111515.
1111111 6 555,17.
16 105, 7.
. 15 187,11.
17 109, 8.
111 567,11.

1

 

