159

95, 19. 57, 11. 95, 99.
99,11. 109, 9. 90. 199,

αωπηωω
mfflmmmffl
uwwwmmu

559, 91.
111. m. 91, 9. 15. 95,

99. 59, 97. 95, 9. 195,Ι
95. 150, 17. 191, 59.
175,“10. 909, 15. 919,
5917, 15. 979, 19. 599,
15. 159, 5. 175, 91.

199, 19.

mmmmm&
· fflmmnm
mmmm&
mmmmm
uwmmmmm

9179, 55199, 11.

111. V· 11, 9. 15, 95.
' 155, 15. 151, 97. 159,
55. 175, 17. 901, 9. 9.
999, 9. 955, 99. 901,1.
991, 19. 511, 59. 595,
95. 599, 9. 115, 97.
155, 11. 197, 11. 515,

5. 519, 59. 559, 10.

munmffim
wssmwfflss
mamam
aamwwma
mfflwmmm
mmstzma
mfflmmmm

91. 510, 97.

mmwmwn
mmmmmm
immmfflm

19. 915,5. 959, 51. 519,

15. 551, 95. 595, 99.
599,51.150,19.157,19.

amamams
mmmmmm.
&mmmmm

INDEX

nummum
mmfflmz

mmmmmwffl.
&mmmmm
mmmmmz

910, 15. 900, 97. 99.

909, 59. 509, 17. 199,

9. 115, 99. 155, 19.
199, 9. 509, 55. 505, 15.
111. 5. 919, 10. 955, 5.
[999111] 599,17·. 519,

19. 517, 50. 555,1.

111. 51. 9, 95. 19,17.
99, 50. 79, 99. 191, 99.
919, 9. 997, 55. 979,
95. 505, 99. 559, 10.
511,50.591,99.500,90.
111. 511. 119, 7. 505,9.

519, 90. 515, 9.

111. 5111. 901,19. 919,
17. 991,5. 991, 91599,
95. 195, 11. 15. 511,

19. 519, 19.

111.5Π11. 17, 91. 19, 59.
191, 17. 919, 9. 990,
90. 950,10. 199,1. 170,
91. 177, 10.191,99.

519, 9. 555, 99.

mmmmm&
51559551
nmmmmm
mmmmm

mmffimssm
umstmm
wffimss,
mmmfflmm
mmssmm
mmm

' 111. 51111, 7, 9. 95, 59.

90, 11. 151, 55. 115,
0. 911, 17. 599, 7.
111. 511111. 115, 7. 599,
9. 115, 51. 195, 59.
511, 11.

moemummma
mammww

mmmmm&
mssmm.
mmxwsssszu
ammaum
mmmmm
mxutozmma
ssmmmmm
m». xxv1. ιε, a m
&mumma
nummum
ωωηηηκ
mmfflnsffim
mmmstmu
ηωωηᾰω
wwmmffiffi
fflwfflmn
wmmmnm
nmfflnmssm
{mmmmsm
mfflwmmffl.

¹ 99. 979, 95. 55. 975.

91. 991, 11. 995, 91,
999,19. 991, 7. 9955.
991, 7. 997, 19. 51. 591.
19. 597, 95. 550, 15
557, 10. 551, 9 1. 7.
555, 10. 55915590,
91. 599, 91. 597, 10.
579, 9. 575, 9. 591, 95.
599, 51. 599, 19. 591,
99. 599, 9109, 95109,
91. 190, 97. 159,7. 157.
15.17.91.191,99.197.
50.199,19.509,9.591.
9. 590, 19. 599, 9.
111. 55711. 91,,1. 97,9
99, 9. 99. 57, 9. 15. 19.
99399. 99, 7. 9. 17.
159, 19. 91. 199, 19
9151, 19. 915, 59. 957.
90. 959, 19. 99. 955.
95. 970, 9. 975, 5. 19.

 

