909 090, 9.
999 900, 95.
990191. 909, 9.

mmmmmmm
anznmwmm

[505, w]
90040000
m 121⁹.
we sq. 56⁹, Δ.

m n, εις.

Ἠωωωῃηω

959991. 999,97.
99919191. 990, 7.
990 907, 90.

πωωωωωω

970 509, 5.
970 tq. 909, 95.
909 oq. 990, 99.
997 sq. 509, 99.
990 999, 90.
590 599, 5.
599 059, 90.

597 599, 9. 599, 0.

595 590, 99.
590 909, 90.
590 999, 90.
599 sq. 990,59.
559 997, 0.
550 999, 90.
550 sq. 959, 90.
'¹ 595 590, 59,

597 599, 97.
509 uq- 590, 90. ¹
509 909, 90.
505 sq. 500,90.979,9.
577 sq· 990, 99.
509 999, 99.
509 sq. 500, 95.
905 500, 0.

· ωωφπιη

05090 ,
40000
40900.
999 900, 99.
mmmmmnu

= 9009099099.

’ 09000

959 999, 9. 990,99.
957ις.907,99.900,99.
959 599, 5.

997 ,500, 50.

990 909, 59. ⁸
msq. 950,9.909,99.
990991. 597, 90.
095 579, 50.

097 559, 5.
09901. 999, 9. Ι
090 sq. 599, 0.
050 900, 0.

009 999, 99.

mmmmm

v. 9 570, 90.
οηωμωωι
0 507, 5.“

90 η. 909, 90.
50 tq. 900, 0.’
99 550, 99.

’ 95 599, 90.

mazam
00 sq. 505, 95.
75 900, 99.
09 990, 90.
09 sq. 959, 90.
900 590, 90.
907 sq. 909, 99.
999 sq. 909, 55.

, 990 900, 59.

999 590, 97.

950 579, 90.

950 599, 99.
{wfflflmwm
999 909, 97. .
990 55, 99. 900, 0.
970 907, 99. .
909 909, 99.

905 099, 0.

995 07, 0.

909 599, 90.

900 tq. 995, 99.
999 507, 0.
αωῳὸηπ.

950 959. 55.
999 50, 99.
990 900, 0. ,
997 999, 99.

90090

90010. 957, 90. ⁴
999 597, 99.

509 sq. 500,50.
505 tq. 507, 90.
507 590, 99.
59990. 595,97.999,0.
590 590, 0.

597 900, 0. 900,50.
550 550,90.999,97.
559 905, 59.

559 tq. 909, 9.
590 590,99.905,99. ’
590 905, 99.

„manau
affluam.

595 507, 59.

500 507, 97.

500 507,«90. '
500 500, 90.

590 905, 9. ’
900 909,95.999,55.
999 900. 90.
99οιᾳ.990,90.907,95.,
990 sq. 599, 50.
959 509, 0.

959 900, 55.

959 sq. 500, 50.
999 099, 55.

990 sq. 909, 90.
900 595, 95.

900 ιφ* 500, 7.
905 999, 9.

999 590, 95.

990 505, 90.

007 sq. 090, 9.
unq. 500,0.900,5.
09901. 99059.
099 900, 0.

059 sq. 900, 99.

· 097 599, 99.

 

