44444444. . Ι 444

44444444 8111444444 84444 F 444484 44 4444844 908 44444 894
impet. 4444444444 1444444 44 44444441441444144484144 4984444144 ἱ 497
898 48014444 880 11. '
· incutiam 198 4444444 494 4441444444 omnim 98
iamin Ι 497144444 448 44441 470 8.
ine-nume 444 timenti.. {noem 444444 444 mum 444 ’
sm· 444 imm 44 libiu- 02 444, 444
444444444 488 44444444 44 4444444 44444184 47814844444444 488
44144444 498 444 44444444 4814844 4414844 487 ·
4444484444 498 innubere 4981444444 44 4444444444 14144444 488
indiscriminatim 497 4444444444444444488 44814844 448
44441444 488 144444444 484 invidim- 198 himen ’ 448
indolentiam 498 inops 80 44444444 890 14844444 441484444444

· 44444444 880 4444444 448. 484 44444444 480 944

indulgere 898 444444444 499 44444444 494144 884

14441444444 490 ins-nitu 89. 49 1444444 940
44414444· ,889 44444444 ’ 488

- 444144448414 44444 44· indigne ¹⁰

11411 898 4444414414 ’ 485
444444 80 4444444444 884
ineptitudo 498 44441444 844
44444444 499 4444144144 497 1444444 489

inextinguibili· 481Ι 44441444 448 1444444 44 guden 444

4444844 4444444444 44 4444- 444 8811444144444 489

444444, 44444444, 44 44444 908 1414 49 14444444 444
444444 “

4444444444
14844444
4448444444
444444ῑί4444
ingeneraretur
44444444
ingredi

inimiciter
4484144444

 

