, 116 max

555, 55. 555, 55. 555, 5 555 5. 555 55. 555, 55. 55.
, 55. 555, 5. 5555, 55. -55, 5 55,55. · 5.55.555,5555ι,5.
[Tituli 15155 positi: 11 166,11. 1131. 1116166111
‘ 515115 publicu lib. 1. 11, 1 11, 10. 11. 511, 1. 6. sm?
555, 5. · 5 555, 5. 555, 5555. 55555
15655561155116.Ἷ. 16, 5 61,10. 11.11.1116,16.6ὄ1.9’
555, 55. 55, 5 5555. 55555555.
5. nem. ..tm 55. 1. 5 55, 55. 55.. 11. 55, 55 555
55555. 5 55555. “ 55, 5. 55, 5. 5555
5555555555. 5 5555555555. 55555. 5555555
555, 55. 55, 5 555, 55. 55.555,55555,5.55
ui enin 555 ...55555 55, 5 555, 5. 55. 5555555515
51511511551155] 61, 1 163,15. 166,17.111,16.196,1ἳ
- [55555 ‚aspectu 55, 5 555, 55. 555, 55. 555, 55. 55
mmmm. 55. 55. 5 55, 55. 55. 55. 555, 55. 55
55, 5. 55, 55. 55 55, 5., 55555. 5. 55. 55. 555, 55 5
555 panum 555. 55. 5 555, 55. 555. m. 55, 5. 55516
555, 5. 55, 5 555, 55. 55. 555, 55. 55515·
5. ne 5555.. 55. xx. 555, 5. 555, 55. 55. 555. ⁵¹
55555. ‚ 5 55, 5. mammaeae-³²⁰·
qui 555 ‚a 55555555..- 55. 55 555, 5. 55. 555, 55. 55511·
5555551115.ΧΧ. 55565555 65, 1 616, 6.
videntur. ⁸ Tmen 56555 1 165, 16. , .
mainus 55, 55, 55 [55. 555, 5,5 55555] 55. 555, 5. 555, ¹⁹·
Varronem 15515115 111. ’515 Lingua 15655(οᾶ.1111155.) lib. ΠΗ, 67, 7- 77511
mmmm] [55. v, 555 55, 55] 555, 55. 555, 55. ¹⁴⁹·
5. 55. nuuc. 55. 5. 555. 55, 55 55, 55. 55. 555. ⁹⁷· ⁹⁰⁵2 ¹⁸
15555. 55. 555, 555 555, 55. 555, 55. 555. 6591*
5, 5 555, 55. [55. vnn, 55 55555] 55. 555. 55. 46551
55 555, 5. 555. xvm. 555, 55. 555, 5. 555. 5641
11 117, 15. de Sermone huno 11. 25⁰¹. Η· 511Ἰῦ
5, 5 555, 55. 55. 111. 55, 5. 55555. 55. 555. 5ο.
9, 1 61111. de vit· populi 1155555ιί nemu naaman 4¹3³ss
55, 5 55, 55. 555, 55. 55. 5. 55, 55.
nomm mmmmmm.ffiumffl
55, 5 55,55.555,55. 55,5.55,55.55,5.55. unm ⁹0‚¹⁹·
ἰ5Μ5ω5 mmmmm&
55 5 55555. [5.55.5]55,55.55,55. ·. · s '⁷ i
55, 5 55555. 5555. 55555555. 55555.[5561181
· ,555, 55. 55, 5. 555, 55. 555, 55. [55, 55. 555116ῃὶΙ
55Μω Μωωηπμωψψζ
55, 5 55, 55. 555, 55. 555, 55. 55. 55. 5555545119·
55, 5 55. 5. 555, 55. 55555. 555, 555, 55 4715111 ¹
55, 5 555555 55. 555. 55. 555, 55. 555] ·

 

